# node_id  community_id
0	0
1	0
2	1
3	1
4	1
5	1
6	1
7	2
8	2
9	2
10	2
11	2
12	3
13	3
14	3
15	3
16	4
17	4
18	4
20	5
21	5
22	5
23	6
24	6
25	6
27	7
28	7
29	7
30	8
31	8
32	8
33	8
34	8
35	9
36	9
37	9
38	9
39	9
40	9
42	10
43	10
44	11
45	11
46	11
47	12
48	12
49	12
50	12
51	8
52	8
53	8
54	8
55	8
56	8
57	8
58	8
59	13
60	13
61	13
62	14
63	14
64	14
65	14
66	15
67	15
68	15
69	16
70	16
71	16
72	16
73	17
74	17
75	17
76	17
77	18
78	18
79	18
80	18
81	19
82	19
83	19
84	20
85	20
86	20
87	21
88	21
90	8
91	22
92	22
93	22
94	16
95	16
96	16
97	16
98	16
99	16
100	16
102	23
103	23
104	23
105	24
106	24
107	24
108	25
109	25
111	26
112	26
113	27
114	27
116	28
117	28
118	29
119	29
120	8
121	8
122	30
123	30
124	30
126	31
127	31
128	31
129	32
130	32
131	8
132	8
133	8
134	8
135	12
136	12
137	33
138	33
139	34
140	34
141	34
142	34
143	34
144	34
145	34
146	34
147	34
148	34
149	16
150	16
151	16
152	16
153	35
154	35
155	35
156	35
157	16
158	16
160	36
161	36
162	37
163	37
164	38
165	38
166	39
167	39
169	40
170	40
171	40
172	41
173	41
174	41
175	42
176	42
177	42
179	43
180	43
181	43
182	44
183	44
184	8
185	27
186	27
187	45
188	45
189	45
190	8
191	11
192	11
193	11
194	11
195	46
196	46
197	46
198	46
199	46
200	6
201	6
202	6
203	37
205	47
206	47
207	48
208	48
209	48
210	49
211	49
212	49
213	50
214	50
215	50
216	12
217	12
218	12
219	12
220	12
221	12
222	12
223	12
224	12
225	16
226	51
227	51
228	52
229	52
230	52
231	52
233	16
234	16
235	16
237	53
238	53
239	54
240	54
241	54
242	55
243	55
244	56
245	56
246	56
247	56
248	57
249	57
250	57
251	12
252	12
254	58
255	58
256	58
258	59
259	59
260	60
261	60
262	18
263	18
264	18
265	18
266	18
267	18
268	18
269	18
270	61
271	61
273	62
274	62
275	62
276	63
277	63
278	63
279	64
280	64
281	64
282	64
283	64
284	64
285	64
286	65
287	65
288	65
289	65
290	66
291	66
292	66
293	17
294	17
296	67
297	67
298	67
299	67
300	67
301	37
302	37
303	37
304	37
305	18
306	18
307	18
308	18
309	18
310	16
311	68
312	68
313	69
314	69
315	69
316	37
317	37
318	70
319	70
320	71
321	71
322	71
323	71
324	71
325	71
326	63
327	63
328	63
329	63
330	16
331	16
332	72
333	72
334	72
335	72
336	73
337	73
338	74
339	74
340	74
341	74
342	12
343	12
344	12
345	12
346	12
347	12
348	75
349	75
350	75
351	75
352	75
353	75
354	76
355	76
356	76
357	77
358	77
359	77
360	77
361	77
362	14
363	14
364	14
365	14
366	78
367	78
368	78
369	6
370	18
371	18
372	79
373	79
374	79
375	8
376	8
377	8
378	8
379	80
380	80
381	80
382	81
383	81
384	81
385	82
386	82
387	82
388	82
389	82
390	82
391	82
392	82
393	83
394	83
395	83
396	83
397	84
398	84
399	84
400	84
401	63
402	63
403	63
404	63
405	63
406	39
408	85
409	85
410	85
411	85
412	85
413	85
414	56
415	56
416	63
417	63
418	86
419	86
421	70
422	87
423	87
424	87
425	88
426	88
427	88
428	11
429	11
430	89
431	89
432	89
433	90
434	90
435	56
436	91
437	91
438	91
439	29
440	29
441	29
442	16
443	16
444	92
445	92
446	93
447	93
448	93
449	93
450	64
452	94
453	94
454	94
455	94
456	94
457	94
458	94
459	94
460	37
461	37
462	37
463	37
464	8
465	8
466	8
467	95
468	95
469	95
470	95
471	95
472	12
473	12
474	12
475	96
476	96
477	96
478	96
479	97
480	97
481	97
482	97
483	98
484	98
485	8
486	99
487	99
488	8
489	8
490	18
491	18
492	18
493	18
494	100
495	100
496	100
497	101
498	101
499	37
500	16
501	16
502	16
503	16
505	102
506	102
507	8
508	8
509	8
511	103
512	103
513	56
514	16
515	16
516	16
517	16
518	104
519	104
520	105
521	105
522	17
523	17
524	17
525	17
526	17
527	17
528	106
529	106
530	107
531	107
532	107
533	107
534	108
535	108
537	109
538	109
539	109
540	109
541	109
542	109
544	110
545	110
546	63
547	63
548	8
549	8
550	8
552	111
553	111
554	111
556	112
557	112
558	112
559	113
560	113
561	8
562	8
563	19
564	19
565	19
566	19
567	45
568	114
569	114
570	115
571	115
572	116
573	116
574	64
575	64
576	64
577	117
578	117
580	118
581	118
582	118
583	119
584	119
585	12
586	12
587	12
589	18
590	18
591	18
592	18
593	120
594	120
595	63
596	11
597	121
598	121
599	122
600	122
602	123
603	123
606	62
607	62
608	62
609	11
610	11
611	11
612	11
614	124
615	124
616	125
617	125
618	126
619	126
620	126
621	127
622	127
623	128
624	128
625	129
626	129
627	129
628	129
629	73
630	73
631	73
632	130
633	130
635	131
636	131
637	131
638	37
639	37
640	37
641	18
642	132
643	132
645	133
646	18
647	134
648	134
650	45
651	45
652	8
653	8
654	8
655	8
656	8
657	8
658	135
659	135
660	135
661	135
662	136
663	136
664	136
665	136
666	136
667	137
668	137
669	138
670	138
671	138
672	139
673	139
674	16
675	16
676	16
677	136
678	140
679	140
680	140
681	141
682	141
683	141
684	141
685	8
686	75
689	109
690	109
692	12
693	12
694	12
695	12
696	12
697	12
698	12
699	92
700	16
701	16
702	16
704	142
705	142
706	142
707	142
708	16
709	16
710	16
711	21
712	132
713	132
715	12
716	12
717	12
718	12
719	143
720	143
721	138
723	144
724	144
725	144
726	144
729	12
730	145
731	145
732	146
733	146
734	146
736	16
737	16
738	16
739	16
742	17
743	17
744	17
745	17
746	17
747	147
748	147
750	148
751	148
752	143
753	143
754	149
755	149
756	8
757	16
758	16
759	18
760	8
761	8
762	8
763	8
764	8
765	8
766	150
767	150
768	150
769	150
770	31
771	31
772	31
773	31
774	8
775	8
776	8
777	151
778	151
780	100
781	100
783	73
784	73
785	152
786	152
787	152
788	12
789	121
790	121
792	136
793	136
794	136
795	14
796	14
797	14
798	14
799	153
800	153
801	153
802	153
803	153
804	153
805	14
806	14
807	14
808	14
809	154
810	154
812	155
813	155
814	156
815	156
816	156
817	157
818	157
819	158
820	158
821	159
822	159
823	159
824	159
825	160
826	160
827	160
828	160
829	160
830	160
831	160
832	160
833	160
834	160
835	161
836	161
837	161
839	8
840	8
841	162
842	162
843	162
844	163
845	163
846	163
847	163
848	164
849	164
850	165
851	165
852	165
853	18
855	166
856	166
857	166
859	24
860	17
861	17
862	17
863	8
864	8
865	8
866	18
867	18
870	167
871	167
872	167
873	167
874	167
877	168
878	168
879	168
880	168
881	168
882	169
883	170
884	170
885	170
886	171
887	171
888	172
889	172
890	172
892	8
893	8
894	63
895	173
896	173
897	173
898	173
899	173
900	174
901	174
902	174
903	175
904	175
905	175
906	176
907	176
908	18
909	177
910	177
911	177
912	58
913	58
914	58
915	58
916	58
917	58
918	40
920	178
921	178
922	56
923	179
924	179
925	179
926	42
927	55
929	180
930	180
931	17
932	17
933	17
934	8
935	28
936	28
937	28
938	28
940	96
941	181
942	181
943	181
944	18
945	18
946	0
947	182
948	182
949	183
950	183
951	184
952	184
953	184
954	184
955	11
956	11
957	185
958	185
959	185
960	186
961	186
962	186
963	16
964	16
965	187
966	187
967	187
968	187
969	187
970	187
972	67
973	67
974	21
975	21
976	21
977	16
978	188
979	188
980	189
981	189
982	189
983	12
984	12
985	12
986	12
987	190
988	190
989	67
991	21
992	191
993	191
994	192
995	192
996	192
997	192
998	192
999	58
1000	58
1002	67
1003	67
1004	67
1005	18
1006	193
1007	193
1008	8
1009	194
1010	194
1011	195
1012	195
1013	196
1014	196
1016	14
1017	197
1018	197
1021	31
1022	31
1023	31
1024	8
1025	8
1026	37
1027	37
1028	17
1029	17
1030	8
1031	198
1032	198
1033	199
1034	199
1035	200
1036	200
1037	200
1038	200
1039	18
1040	18
1041	12
1042	201
1043	201
1044	201
1045	194
1046	97
1047	3
1048	3
1049	3
1050	3
1052	202
1053	202
1054	203
1055	203
1056	203
1057	203
1058	203
1060	204
1061	204
1062	204
1063	204
1064	204
1065	204
1066	204
1067	204
1068	204
1069	204
1070	14
1071	14
1072	14
1073	14
1074	51
1078	205
1079	205
1081	64
1082	16
1083	16
1084	0
1086	16
1087	16
1088	16
1089	16
1091	12
1092	12
1093	206
1094	206
1095	206
1096	206
1097	207
1098	207
1099	207
1101	208
1102	208
1103	208
1105	17
1106	17
1107	17
1108	17
1109	17
1110	17
1111	17
1112	17
1113	17
1114	209
1115	209
1116	210
1117	210
1118	210
1119	210
1120	210
1121	18
1122	18
1123	8
1124	56
1125	56
1127	211
1128	211
1129	21
1130	8
1131	212
1132	212
1133	213
1134	213
1135	11
1136	11
1137	11
1138	11
1139	214
1140	214
1141	215
1142	215
1145	12
1146	216
1147	216
1148	216
1149	216
1150	216
1152	217
1153	217
1154	217
1155	217
1156	217
1157	217
1158	217
1159	217
1160	217
1162	27
1163	27
1164	218
1165	218
1166	59
1167	59
1168	219
1169	219
1170	158
1172	18
1175	17
1176	17
1177	16
1178	16
1180	18
1181	18
1182	37
1184	220
1185	220
1186	220
1189	63
1190	8
1191	8
1193	221
1194	221
1195	18
1196	18
1197	18
1198	222
1199	222
1200	222
1201	58
1202	58
1203	58
1204	58
1205	58
1206	58
1207	58
1208	58
1209	223
1210	223
1211	223
1212	223
1214	16
1215	16
1216	16
1217	16
1218	224
1219	224
1221	16
1222	225
1223	225
1224	225
1225	226
1226	226
1227	226
1228	8
1229	8
1230	56
1231	227
1232	227
1233	56
1234	56
1235	97
1236	97
1237	228
1238	228
1239	63
1240	229
1241	229
1242	230
1243	230
1244	97
1245	97
1246	97
1247	97
1248	231
1249	231
1250	97
1251	97
1252	232
1253	232
1254	232
1255	8
1256	58
1257	58
1258	233
1259	233
1260	234
1261	234
1262	234
1263	8
1264	235
1265	235
1266	235
1267	235
1268	167
1270	71
1271	182
1272	182
1273	162
1274	162
1275	162
1276	162
1278	17
1279	17
1280	17
1281	17
1282	12
1283	12
1286	236
1287	236
1288	236
1289	236
1290	236
1292	237
1293	237
1294	237
1295	8
1298	238
1299	238
1303	197
1304	197
1305	197
1306	197
1307	197
1308	197
1309	197
1310	239
1311	239
1312	8
1313	8
1314	8
1315	8
1316	8
1318	174
1320	240
1321	240
1322	17
1323	241
1324	241
1325	241
1326	242
1327	242
1328	243
1329	243
1331	244
1332	244
1333	244
1335	245
1336	245
1337	245
1338	245
1339	169
1341	16
1342	16
1343	64
1344	64
1345	226
1346	138
1347	8
1348	8
1349	14
1350	14
1351	14
1352	14
1354	246
1355	246
1356	17
1357	17
1358	17
1359	17
1360	247
1361	11
1362	11
1363	11
1364	236
1365	236
1366	236
1367	236
1368	17
1369	17
1370	248
1371	248
1372	249
1373	249
1374	250
1375	250
1376	250
1377	237
1378	237
1381	17
1384	11
1385	11
1386	251
1387	251
1389	63
1390	252
1391	252
1392	252
1394	12
1395	12
1396	12
1397	12
1398	69
1399	253
1400	253
1401	253
1402	253
1403	253
1404	63
1405	63
1406	63
1407	63
1408	63
1409	100
1410	100
1411	17
1412	204
1413	27
1414	27
1415	27
1416	37
1417	37
1418	180
1419	245
1420	254
1421	254
1422	254
1423	254
1424	2
1425	2
1426	255
1427	255
1428	255
1429	133
1430	133
1431	133
1432	133
1433	133
1434	133
1435	133
1436	133
1437	133
1438	133
1439	133
1440	133
1441	133
1442	133
1443	133
1444	133
1445	133
1446	133
1447	133
1448	133
1449	256
1450	256
1451	64
1452	12
1453	247
1454	138
1455	97
1456	257
1457	257
1458	257
1459	257
1460	16
1461	8
1464	17
1465	17
1466	17
1467	17
1468	8
1469	8
1470	8
1471	258
1472	258
1473	258
1474	259
1475	259
1476	259
1477	48
1478	48
1479	260
1480	260
1481	16
1482	16
1483	261
1484	261
1485	261
1486	262
1487	262
1488	215
1489	215
1491	263
1492	263
1493	263
1494	263
1495	264
1496	264
1497	67
1498	19
1500	54
1501	54
1502	54
1503	54
1504	58
1505	58
1506	58
1507	58
1508	58
1509	58
1511	265
1512	265
1513	265
1514	58
1515	210
1516	210
1517	210
1518	55
1519	55
1520	55
1522	266
1523	266
1525	267
1526	267
1529	8
1530	268
1531	268
1532	2
1533	107
1534	107
1535	107
1536	162
1537	269
1538	269
1539	269
1540	263
1541	263
1542	263
1543	270
1544	270
1545	271
1546	271
1547	271
1548	271
1549	18
1550	8
1551	8
1553	17
1554	17
1555	17
1556	16
1557	16
1558	16
1560	12
1561	12
1562	14
1563	14
1564	14
1565	14
1566	14
1567	14
1568	272
1569	272
1570	73
1571	73
1572	73
1573	73
1574	73
1575	273
1576	273
1577	273
1578	273
1579	73
1580	274
1581	274
1583	275
1584	275
1585	276
1586	276
1587	276
1588	17
