# node_id  community_id
0	0
1	1
2	2
3	3
4	4
5	5
6	6
7	6
8	6
9	6
10	6
11	7
12	8
13	8
14	9
15	8
16	9
17	9
18	10
19	10
20	10
21	5
22	11
23	12
24	12
25	13
26	7
27	5
28	11
29	9
30	14
31	15
32	13
33	16
34	16
35	17
36	17
37	17
38	17
39	17
40	16
41	13
42	18
43	18
44	17
45	17
46	17
47	17
48	14
49	11
50	6
51	5
52	4
53	12
54	9
55	4
56	4
57	11
58	13
59	13
60	13
61	6
62	15
63	19
64	19
65	19
66	19
67	19
68	19
69	19
70	19
71	20
72	21
73	12
74	11
75	6
76	20
77	20
78	9
79	9
80	22
81	11
82	11
83	8
84	12
85	16
86	20
87	4
88	4
89	4
90	4
91	12
92	7
93	7
94	7
95	23
96	4
97	16
98	11
99	24
100	11
101	14
102	14
103	10
104	15
105	22
106	14
107	4
108	25
109	9
110	20
111	4
112	21
113	26
114	6
115	6
116	25
117	25
118	25
119	4
120	5
121	14
122	14
123	14
124	13
125	7
126	23
127	23
128	23
129	23
130	9
131	7
132	12
133	11
134	15
135	15
136	13
137	20
138	18
139	7
140	14
141	17
142	17
143	16
144	4
145	5
146	13
147	9
148	4
149	4
150	18
151	16
152	4
153	13
154	13
155	13
156	13
157	13
158	13
159	13
160	9
161	5
162	18
163	18
164	18
165	18
166	5
167	13
168	20
169	20
170	20
171	23
172	4
173	13
174	13
175	4
176	5
177	10
178	4
179	10
180	10
181	18
182	22
183	22
184	22
185	20
186	14
187	20
188	6
189	13
190	10
191	18
192	4
193	4
194	5
195	4
196	5
197	10
198	4
199	10
200	22
201	10
202	16
203	7
204	4
205	6
206	10
207	25
208	7
209	6
210	14
211	14
212	14
213	14
214	21
215	21
216	8
217	8
218	8
219	20
220	8
221	8
222	15
223	20
224	20
225	8
226	20
227	20
228	8
229	20
230	20
231	12
232	13
233	16
234	16
235	23
236	15
237	15
238	27
239	28
240	29
241	30
242	31
243	28
244	32
245	33
246	32
247	33
248	31
249	31
250	31
251	34
252	34
253	29
254	33
255	29
256	35
257	35
258	29
259	35
260	30
261	30
262	36
263	37
264	30
265	38
266	30
267	30
268	38
269	38
270	39
271	39
272	39
273	39
274	39
275	39
276	30
277	28
278	32
279	31
280	31
281	30
282	31
283	31
284	31
285	29
286	30
287	30
288	27
289	34
290	27
291	39
292	39
293	32
294	38
295	31
296	31
297	38
298	32
299	29
300	38
301	31
302	31
303	29
304	31
305	31
306	29
307	29
308	38
309	40
310	35
311	36
312	31
313	31
314	28
315	28
316	29
317	27
318	27
319	34
320	34
321	37
322	34
323	38
324	39
325	39
326	28
327	29
328	29
329	33
330	33
331	38
332	28
333	28
334	30
335	32
336	27
337	29
338	27
339	27
340	38
341	38
342	28
343	32
344	36
345	36
346	38
347	30
348	30
349	30
350	30
351	30
352	30
353	28
354	28
355	28
356	28
357	33
358	40
359	39
360	35
361	39
362	39
363	31
364	31
365	31
366	31
367	34
368	35
369	30
370	34
371	32
372	39
373	32
374	28
375	32
376	34
377	33
378	32
379	29
380	38
381	35
382	30
383	41
384	42
385	41
386	41
387	41
388	43
389	0
390	44
391	44
392	44
393	42
394	44
395	0
396	42
397	42
398	42
399	42
400	42
401	44
402	44
403	44
404	44
405	44
406	44
407	0
408	0
409	44
410	45
411	45
412	46
413	43
414	43
415	43
416	43
417	43
418	42
419	0
420	42
421	42
422	46
423	44
424	43
425	43
426	42
427	47
428	43
429	41
430	43
431	44
432	44
433	44
434	48
435	48
436	44
437	0
438	46
439	46
440	43
441	43
442	44
443	43
444	43
445	41
446	41
447	42
448	0
449	0
450	43
451	0
452	43
453	0
454	41
455	41
456	0
457	44
458	48
459	43
460	44
461	48
462	41
463	0
464	43
465	0
466	44
467	0
468	43
469	43
470	41
471	46
472	46
473	46
474	49
475	50
476	51
477	51
478	51
479	51
480	51
481	49
482	51
483	26
484	51
485	51
486	51
487	49
488	52
489	51
490	53
491	49
492	51
493	51
494	51
495	51
496	51
497	51
498	51
499	21
500	54
501	54
502	54
503	54
504	54
505	55
506	56
507	56
508	56
509	56
510	56
511	55
512	55
513	55
514	24
515	57
516	57
517	57
518	57
519	57
520	57
521	25
522	25
523	58
524	58
525	58
526	59
527	59
528	58
529	58
530	58
531	58
532	54
533	54
534	55
535	60
536	60
537	60
538	55
539	56
540	56
541	56
542	55
543	56
544	56
545	56
546	60
547	60
548	54
549	54
550	55
551	55
552	60
553	60
554	60
555	60
556	54
557	60
558	60
559	60
560	56
561	56
562	60
563	60
564	54
565	56
566	56
567	54
568	54
569	56
570	54
571	56
572	56
573	54
574	60
575	61
576	62
577	63
578	63
579	64
580	65
581	66
582	62
583	62
584	67
585	66
586	68
587	68
588	61
589	69
590	69
591	69
592	61
593	61
594	69
595	69
596	69
597	61
598	61
599	61
600	61
601	61
602	61
603	69
604	69
605	69
606	69
607	63
608	70
609	70
610	63
611	70
612	62
613	66
614	66
615	65
616	65
617	68
618	68
619	66
620	61
621	64
622	64
623	68
624	68
625	62
626	66
627	69
628	69
629	61
630	61
631	68
632	68
633	68
634	68
635	71
636	71
637	72
638	65
639	65
640	62
641	62
642	69
643	71
644	71
645	62
646	62
647	71
648	71
649	65
650	65
651	65
652	67
653	65
654	68
655	68
656	69
657	61
658	69
659	61
660	61
661	70
662	70
663	64
664	64
665	69
666	69
667	67
668	68
669	68
670	62
671	72
672	72
673	72
674	72
675	66
676	66
677	65
678	68
679	68
680	67
681	65
682	67
683	67
684	65
685	65
686	71
687	71
688	68
689	68
690	70
691	70
692	69
693	67
694	67
695	67
696	61
697	61
698	72
699	72
700	64
701	64
702	64
703	68
704	62
705	69
706	72
707	72
708	68
709	72
710	72
711	63
712	63
713	72
714	72
715	65
716	65
717	68
718	68
719	65
720	65
721	63
722	63
723	63
724	65
725	65
726	67
727	65
728	72
729	72
730	61
731	68
732	68
733	64
734	64
735	64
736	64
737	69
738	69
739	73
740	73
741	74
742	75
743	74
744	74
745	74
746	74
747	75
748	73
749	73
750	73
751	73
752	73
753	73
754	76
755	76
756	76
757	76
758	77
759	75
760	75
761	75
762	75
763	73
764	78
765	76
766	76
767	79
768	77
769	77
770	79
771	79
772	77
773	79
774	78
775	73
776	79
777	74
778	75
779	75
780	75
781	78
782	3
783	76
784	75
785	79
786	79
787	76
788	75
789	75
790	80
791	76
792	81
793	81
794	81
795	82
796	82
797	79
798	75
799	75
800	74
801	74
802	83
803	76
804	74
805	73
806	76
807	76
808	82
809	82
810	82
811	82
812	77
813	77
814	75
815	73
816	73
817	78
818	78
819	78
820	78
821	76
822	82
823	77
824	77
825	84
826	84
827	85
828	85
829	86
830	84
831	87
832	87
833	88
834	86
835	86
836	86
837	89
838	90
839	90
840	90
841	91
842	91
843	88
844	84
845	85
846	92
847	93
848	93
849	94
850	88
851	88
852	89
853	89
854	88
855	88
856	24
857	89
858	85
859	88
860	88
861	88
862	88
863	88
864	88
865	84
866	88
867	87
868	87
869	87
870	92
871	89
872	89
873	89
874	89
875	89
876	89
877	85
878	89
879	93
880	92
881	88
882	89
883	88
884	92
885	89
886	93
887	93
888	93
889	93
890	89
891	88
892	86
893	89
894	89
895	87
896	86
897	87
898	88
899	87
900	92
901	89
902	89
903	85
904	87
905	87
906	87
907	94
908	94
909	94
910	87
911	93
912	95
913	95
914	95
915	95
916	95
917	95
918	95
919	87
920	87
921	96
922	96
923	96
924	96
925	96
926	96
927	96
928	89
929	89
930	89
931	89
932	87
933	97
934	98
935	98
936	98
937	99
938	99
939	100
940	100
941	97
942	97
943	101
944	101
945	101
946	97
947	97
948	102
949	102
950	102
951	102
952	99
953	99
954	99
955	99
956	100
957	100
958	102
959	97
960	103
961	100
962	102
963	99
964	102
965	103
966	103
967	22
968	22
969	98
970	102
971	102
972	103
973	103
974	99
975	99
976	102
977	102
978	102
979	19
980	19
981	100
982	100
983	99
984	100
985	100
986	99
987	22
988	22
989	22
990	97
991	99
992	102
993	102
994	97
995	101
996	102
997	22
998	102
999	97
1000	102
1001	102
1002	102
1003	101
1004	103
1005	102
1006	22
1007	102
1008	102
1009	102
1010	99
1011	99
1012	99
1013	99
1014	97
1015	100
1016	100
1017	100
1018	99
1019	99
1020	103
1021	103
1022	99
1023	99
1024	99
1025	102
1026	102
1027	102
1028	101
1029	19
1030	19
1031	99
1032	99
1033	104
1034	102
1035	102
1036	100
1037	102
1038	19
1039	19
1040	19
1041	99
1042	99
1043	102
1044	99
1045	101
1046	99
1047	102
1048	102
1049	102
1050	99
1051	100
1052	99
1053	97
1054	99
1055	100
1056	99
1057	22
1058	101
1059	99
1060	105
1061	105
1062	105
1063	106
1064	107
1065	107
1066	108
1067	109
1068	109
1069	110
1070	111
1071	112
1072	113
1073	113
1074	114
1075	115
1076	114
1077	116
1078	117
1079	117
1080	118
1081	110
1082	119
1083	120
1084	118
1085	121
1086	107
1087	121
1088	107
1089	120
1090	122
1091	107
1092	123
1093	124
1094	124
1095	124
1096	125
1097	107
1098	118
1099	118
1100	126
1101	126
1102	127
1103	127
1104	128
1105	129
1106	130
1107	130
1108	122
1109	131
1110	117
1111	117
1112	132
1113	109
1114	133
1115	134
1116	109
1117	135
1118	106
1119	107
1120	106
1121	112
1122	112
1123	117
1124	82
1125	47
1126	133
1127	133
1128	107
1129	136
1130	137
1131	47
1132	137
1133	138
1134	114
1135	137
1136	130
1137	130
1138	130
1139	130
1140	139
1141	140
1142	140
1143	127
1144	121
1145	129
1146	117
1147	135
1148	117
1149	112
1150	112
1151	126
1152	52
1153	141
1154	110
1155	81
1156	142
1157	143
1158	115
1159	114
1160	106
1161	142
1162	144
1163	144
1164	126
1165	122
1166	145
1167	117
1168	145
1169	52
1170	52
1171	52
1172	139
1173	52
1174	146
1175	52
1176	107
1177	124
1178	29
1179	129
1180	130
1181	147
1182	148
1183	52
1184	146
1185	149
1186	121
1187	136
1188	135
1189	135
1190	148
1191	113
1192	113
1193	118
1194	150
1195	150
1196	110
1197	110
1198	45
1199	151
1200	151
1201	52
1202	123
1203	123
1204	123
1205	152
1206	153
1207	153
1208	154
1209	52
1210	126
1211	126
1212	115
1213	115
1214	81
1215	45
1216	45
1217	115
1218	155
1219	113
1220	121
1221	142
1222	121
1223	121
1224	116
1225	116
1226	136
1227	77
1228	77
1229	121
1230	74
1231	77
1232	113
1233	135
1234	135
1235	156
1236	156
1237	156
1238	144
1239	144
1240	122
1241	144
1242	157
1243	47
1244	117
1245	150
1246	113
1247	155
1248	46
1249	130
1250	142
1251	121
1252	152
1253	123
1254	121
1255	158
1256	130
1257	74
1258	123
1259	142
1260	142
1261	159
1262	116
1263	159
1264	116
1265	124
1266	117
1267	117
1268	160
1269	111
1270	106
1271	106
1272	161
1273	161
1274	155
1275	112
1276	126
1277	126
1278	126
1279	135
1280	162
1281	162
1282	163
1283	163
1284	115
1285	125
1286	164
1287	133
1288	133
1289	133
1290	147
1291	157
1292	142
1293	123
1294	123
1295	120
1296	152
1297	152
1298	144
1299	144
1300	164
1301	164
1302	148
1303	123
1304	123
1305	117
1306	117
1307	112
1308	47
1309	52
1310	52
1311	120
1312	120
1313	117
1314	113
1315	165
1316	52
1317	141
1318	139
1319	139
1320	145
1321	166
1322	114
1323	138
1324	117
1325	143
1326	143
1327	117
1328	143
1329	144
1330	47
1331	106
1332	139
1333	115
1334	167
1335	126
1336	168
1337	168
1338	127
1339	135
1340	29
1341	135
1342	152
1343	152
1344	139
1345	139
1346	115
1347	135
1348	152
1349	152
1350	152
1351	122
1352	126
1353	107
1354	107
1355	144
1356	126
1357	126
1358	147
1359	169
1360	170
1361	111
1362	111
1363	131
1364	152
1365	117
1366	171
1367	172
1368	156
1369	167
1370	131
1371	111
1372	138
1373	117
1374	138
1375	141
1376	141
1377	163
1378	82
1379	107
1380	173
1381	163
1382	163
1383	47
1384	155
1385	155
1386	124
1387	124
1388	172
1389	121
1390	145
1391	145
1392	152
1393	163
1394	167
1395	167
1396	167
1397	163
1398	148
1399	172
1400	172
1401	107
1402	74
1403	52
1404	163
1405	141
1406	141
1407	113
1408	158
1409	147
1410	174
1411	166
1412	166
1413	145
1414	114
1415	166
1416	114
1417	175
1418	109
1419	109
1420	121
1421	141
1422	141
1423	141
1424	143
1425	115
1426	152
1427	152
1428	108
1429	107
1430	159
1431	159
1432	159
1433	117
1434	127
1435	126
1436	135
1437	108
1438	145
1439	171
1440	145
1441	154
1442	149
1443	149
1444	105
1445	105
1446	120
1447	120
1448	135
1449	152
1450	155
1451	138
1452	117
1453	109
1454	109
1455	109
1456	109
1457	109
1458	139
1459	117
1460	128
1461	135
1462	135
1463	135
1464	126
1465	126
1466	126
1467	52
1468	52
1469	136
1470	147
1471	131
1472	138
1473	126
1474	140
1475	140
1476	47
1477	121
1478	121
1479	164
1480	164
1481	54
1482	54
1483	144
1484	52
1485	52
1486	52
1487	52
1488	123
1489	126
1490	171
1491	129
1492	137
1493	137
1494	149
1495	131
1496	122
1497	110
1498	110
1499	157
1500	157
1501	142
1502	173
1503	120
1504	107
1505	166
1506	167
1507	117
1508	125
1509	119
1510	119
1511	151
1512	45
1513	45
1514	167
1515	167
1516	171
1517	146
1518	146
1519	150
1520	150
1521	150
1522	166
1523	162
1524	121
1525	145
1526	171
1527	145
1528	118
1529	118
1530	126
1531	52
1532	144
1533	126
1534	137
1535	164
1536	126
1537	149
1538	111
1539	111
1540	52
1541	117
1542	105
1543	134
1544	176
1545	177
1546	112
1547	176
1548	149
1549	174
1550	127
1551	157
1552	167
1553	112
1554	177
1555	178
1556	120
1557	179
1558	126
1559	118
1560	180
1561	178
1562	144
1563	181
1564	170
1565	137
1566	110
1567	110
1568	110
1569	170
1570	158
1571	119
1572	177
1573	127
1574	182
1575	177
1576	82
1577	156
1578	183
1579	132
1580	149
1581	132
1582	132
1583	184
1584	185
1585	137
1586	161
1587	169
1588	169
1589	185
1590	175
1591	127
1592	163
1593	82
1594	116
1595	176
1596	183
1597	109
1598	109
1599	185
1600	138
1601	182
1602	138
1603	134
1604	164
1605	186
1606	183
1607	164
1608	134
1609	138
1610	114
1611	134
1612	180
1613	180
1614	187
1615	112
1616	105
1617	139
1618	158
1619	180
1620	139
1621	129
1622	127
1623	182
1624	172
1625	106
1626	161
1627	180
1628	168
1629	152
1630	168
1631	156
1632	121
1633	157
1634	106
1635	178
1636	188
1637	188
1638	176
1639	106
1640	181
1641	144
1642	181
1643	186
1644	105
1645	183
1646	111
1647	116
1648	164
1649	187
1650	122
1651	136
1652	157
1653	177
1654	187
1655	189
1656	189
1657	132
1658	183
1659	112
1660	151
1661	186
1662	186
1663	168
1664	180
1665	177
1666	178
1667	178
1668	177
1669	177
1670	177
1671	165
1672	165
1673	189
1674	164
1675	190
1676	191
1677	191
1678	150
1679	185
1680	157
1681	153
1682	105
1683	116
1684	115
1685	177
1686	134
1687	189
1688	189
1689	181
1690	138
1691	184
1692	160
1693	162
1694	118
1695	118
1696	112
1697	162
1698	160
1699	186
1700	139
1701	163
1702	161
1703	178
1704	154
1705	153
1706	190
1707	151
1708	154
1709	136
1710	137
1711	175
1712	179
1713	116
1714	181
1715	192
1716	175
1717	166
1718	129
1719	169
1720	177
1721	186
1722	186
1723	156
1724	154
1725	157
1726	157
1727	116
1728	119
1729	168
1730	46
1731	118
1732	174
1733	176
1734	157
1735	147
1736	45
1737	188
1738	188
1739	181
1740	177
1741	193
1742	193
1743	193
1744	136
1745	137
1746	116
1747	179
1748	179
1749	143
1750	119
1751	105
1752	187
1753	128
1754	177
1755	157
1756	184
1757	180
1758	157
1759	157
1760	134
1761	173
1762	158
1763	130
1764	132
1765	140
1766	181
1767	181
1768	177
1769	177
1770	115
1771	183
1772	176
1773	164
1774	81
1775	170
1776	160
1777	169
1778	116
1779	157
1780	178
1781	180
1782	157
1783	108
1784	46
1785	181
1786	162
1787	175
1788	122
1789	165
1790	177
1791	193
1792	193
1793	193
1794	154
1795	154
1796	154
1797	136
1798	158
1799	116
1800	164
1801	133
1802	157
1803	157
1804	181
1805	144
1806	180
1807	164
1808	177
1809	168
1810	156
1811	145
1812	112
1813	157
1814	114
1815	162
1816	165
1817	185
1818	167
1819	178
1820	186
1821	143
1822	143
1823	192
1824	188
1825	106
1826	112
1827	151
1828	109
1829	151
1830	137
1831	182
1832	176
1833	177
1834	105
1835	115
1836	139
1837	133
1838	182
1839	177
1840	177
1841	178
1842	128
1843	116
1844	166
1845	148
1846	179
1847	180
1848	157
1849	169
1850	138
1851	112
1852	172
1853	153
1854	175
1855	185
1856	185
1857	181
1858	162
1859	74
1860	152
1861	138
1862	177
1863	133
1864	111
1865	128
1866	153
1867	169
1868	173
1869	160
1870	136
1871	186
1872	186
1873	174
1874	140
1875	153
1876	125
1877	130
1878	176
1879	157
1880	130
1881	119
1882	180
1883	187
1884	171
1885	143
1886	160
1887	187
1888	112
1889	175
1890	177
1891	151
1892	151
1893	173
1894	155
1895	155
1896	175
1897	189
1898	134
1899	183
1900	108
1901	108
1902	158
1903	156
1904	179
1905	115
1906	191
1907	162
1908	126
1909	180
1910	181
1911	106
1912	113
1913	46
1914	188
1915	177
1916	116
1917	173
1918	184
1919	131
1920	114
1921	175
1922	138
1923	143
1924	143
1925	171
1926	171
1927	157
1928	161
1929	105
1930	127
1931	127
1932	133
1933	133
1934	133
1935	108
1936	155
1937	155
1938	105
1939	171
1940	171
1941	191
1942	110
1943	173
1944	133
1945	138
1946	177
1947	178
1948	129
1949	121
1950	170
1951	185
1952	139
1953	194
1954	187
1955	129
1956	106
1957	177
1958	183
1959	122
1960	183
1961	192
1962	192
1963	192
1964	192
1965	151
1966	151
1967	118
1968	158
1969	134
1970	134
1971	81
1972	182
1973	195
1974	159
1975	156
1976	154
1977	157
1978	162
1979	162
1980	119
1981	116
1982	137
1983	158
1984	129
1985	183
1986	137
1987	149
1988	149
1989	153
1990	156
1991	81
1992	74
1993	157
1994	157
1995	157
1996	133
1997	168
1998	134
1999	173
2000	185
2001	138
2002	105
2003	161
2004	106
2005	195
2006	109
2007	190
2008	179
2009	195
2010	195
2011	157
2012	185
2013	165
2014	182
2015	122
2016	115
2017	122
2018	122
2019	151
2020	151
2021	82
2022	45
2023	162
2024	193
2025	193
2026	173
2027	171
2028	112
2029	192
2030	173
2031	162
2032	177
2033	177
2034	151
2035	105
2036	120
2037	153
2038	183
2039	177
2040	177
2041	162
2042	140
2043	186
2044	169
2045	169
2046	151
2047	151
2048	163
2049	133
2050	121
2051	157
2052	176
2053	127
2054	138
2055	128
2056	194
2057	112
2058	160
2059	112
2060	112
2061	128
2062	126
2063	135
2064	135
2065	138
2066	194
2067	186
2068	187
2069	108
2070	128
2071	124
2072	128
2073	128
2074	128
2075	106
2076	126
2077	120
2078	183
2079	128
2080	157
2081	128
2082	194
2083	194
2084	194
2085	194
2086	152
2087	184
2088	134
2089	138
2090	128
2091	124
2092	106
2093	177
2094	194
2095	128
2096	124
2097	138
2098	138
2099	182
2100	136
2101	128
2102	182
2103	187
2104	125
2105	128
2106	160
2107	128
2108	128
2109	125
2110	174
2111	192
2112	147
2113	174
2114	138
2115	182
2116	133
2117	192
2118	138
2119	138
2120	126
2121	194
2122	128
2123	128
2124	135
2125	135
2126	158
2127	182
2128	174
2129	138
2130	174
2131	187
2132	187
2133	182
2134	128
2135	124
2136	166
2137	194
2138	52
2139	126
2140	194
2141	125
2142	177
2143	194
2144	128
2145	187
2146	182
2147	182
2148	138
2149	185
2150	185
2151	138
2152	193
2153	174
2154	160
2155	182
2156	166
2157	187
2158	144
2159	124
2160	193
2161	193
2162	193
2163	192
2164	147
2165	124
2166	124
2167	189
2168	124
2169	124
2170	124
2171	120
2172	120
2173	131
2174	162
2175	162
2176	126
2177	179
2178	179
2179	126
2180	139
2181	139
2182	160
2183	179
2184	126
2185	52
2186	194
2187	194
2188	131
2189	126
2190	124
2191	120
2192	120
2193	145
2194	116
2195	120
2196	127
2197	160
2198	52
2199	196
2200	196
2201	196
2202	196
2203	196
2204	196
2205	83
2206	197
2207	83
2208	197
2209	198
2210	83
2211	83
2212	83
2213	83
2214	199
2215	200
2216	201
2217	202
2218	202
2219	197
2220	203
2221	204
2222	203
2223	205
2224	203
2225	206
2226	207
2227	206
2228	207
2229	203
2230	206
2231	202
2232	204
2233	200
2234	207
2235	205
2236	208
2237	208
2238	208
2239	209
2240	203
2241	210
2242	200
2243	203
2244	197
2245	208
2246	205
2247	211
2248	210
2249	198
2250	210
2251	198
2252	198
2253	202
2254	211
2255	212
2256	211
2257	80
2258	205
2259	205
2260	205
2261	204
2262	205
2263	206
2264	209
2265	206
2266	201
2267	213
2268	213
2269	213
2270	213
2271	213
2272	201
2273	80
2274	80
2275	80
2276	212
2277	212
2278	203
2279	200
2280	80
2281	211
2282	80
2283	42
2284	80
2285	209
2286	209
2287	201
2288	202
2289	197
2290	212
2291	208
2292	212
2293	211
2294	197
2295	204
2296	205
2297	205
2298	205
2299	80
2300	80
2301	80
2302	80
2303	211
2304	80
2305	200
2306	206
2307	204
2308	205
2309	205
2310	200
2311	202
2312	214
2313	209
2314	206
2315	208
2316	202
2317	202
2318	197
2319	203
2320	203
2321	203
2322	203
2323	203
2324	203
2325	203
2326	205
2327	205
2328	205
2329	205
2330	204
2331	209
2332	197
2333	213
2334	201
2335	203
2336	211
2337	206
2338	211
2339	197
2340	90
2341	197
2342	57
2343	19
2344	19
2345	202
2346	202
2347	202
2348	211
2349	203
2350	203
2351	90
2352	205
2353	197
2354	80
2355	200
2356	204
2357	206
2358	203
2359	206
2360	207
2361	200
2362	207
2363	90
2364	90
2365	215
2366	203
2367	211
2368	212
2369	205
2370	201
2371	203
2372	80
2373	197
2374	211
2375	211
2376	204
2377	212
2378	211
2379	211
2380	205
2381	213
2382	197
2383	205
2384	197
2385	197
2386	211
2387	201
2388	205
2389	212
2390	197
2391	209
2392	209
2393	209
2394	209
2395	197
2396	199
2397	197
2398	197
2399	197
2400	197
2401	90
2402	204
2403	204
2404	206
2405	204
2406	203
2407	80
2408	211
2409	216
2410	216
2411	200
2412	198
2413	73
2414	73
2415	213
2416	213
2417	80
2418	197
2419	197
2420	205
2421	208
2422	208
2423	217
2424	218
2425	218
2426	53
2427	219
2428	220
2429	221
2430	222
2431	223
2432	223
2433	224
2434	225
2435	219
2436	226
2437	227
2438	227
2439	227
2440	50
2441	228
2442	228
2443	228
2444	229
2445	229
2446	230
2447	231
2448	232
2449	233
2450	234
2451	234
2452	235
2453	236
2454	236
2455	237
2456	238
2457	231
2458	238
2459	218
2460	223
2461	223
2462	239
2463	239
2464	240
2465	241
2466	226
2467	226
2468	242
2469	227
2470	225
2471	225
2472	243
2473	230
2474	230
2475	218
2476	230
2477	230
2478	244
2479	245
2480	245
2481	245
2482	245
2483	230
2484	246
2485	247
2486	240
2487	238
2488	234
2489	248
2490	219
2491	249
2492	250
2493	243
2494	251
2495	219
2496	251
2497	252
2498	219
2499	253
2500	254
2501	250
2502	230
2503	255
2504	229
2505	256
2506	257
2507	218
2508	218
2509	228
2510	228
2511	228
2512	258
2513	251
2514	244
2515	244
2516	218
2517	218
2518	218
2519	218
2520	222
2521	259
2522	238
2523	255
2524	260
2525	238
2526	258
2527	242
2528	240
2529	232
2530	254
2531	261
2532	255
2533	222
2534	222
2535	262
2536	262
2537	247
2538	253
2539	253
2540	263
2541	263
2542	53
2543	240
2544	253
2545	221
2546	247
2547	247
2548	247
2549	253
2550	253
2551	253
2552	230
2553	264
2554	265
2555	245
2556	49
2557	47
2558	218
2559	230
2560	236
2561	251
2562	11
2563	266
2564	267
2565	268
2566	268
2567	268
2568	269
2569	269
2570	270
2571	271
2572	271
2573	271
2574	272
2575	273
2576	234
2577	243
2578	224
2579	254
2580	254
2581	273
2582	263
2583	263
2584	254
2585	226
2586	226
2587	243
2588	243
2589	258
2590	223
2591	218
2592	221
2593	274
2594	274
2595	222
2596	254
2597	232
2598	218
2599	218
2600	242
2601	273
2602	218
2603	248
2604	229
2605	274
2606	274
2607	273
2608	248
2609	229
2610	275
2611	255
2612	255
2613	218
2614	238
2615	228
2616	228
2617	238
2618	274
2619	225
2620	242
2621	49
2622	257
2623	225
2624	248
2625	228
2626	228
2627	228
2628	276
2629	262
2630	230
2631	277
2632	238
2633	265
2634	277
2635	257
2636	261
2637	221
2638	257
2639	227
2640	275
2641	259
2642	230
2643	250
2644	250
2645	250
2646	250
2647	250
2648	250
2649	250
2650	255
2651	248
2652	251
2653	277
2654	239
2655	53
2656	220
2657	254
2658	267
2659	249
2660	278
2661	224
2662	279
2663	225
2664	280
2665	280
2666	269
2667	267
2668	225
2669	220
2670	222
2671	231
2672	226
2673	226
2674	226
2675	281
2676	268
2677	268
2678	282
2679	276
2680	276
2681	229
2682	227
2683	227
2684	260
2685	229
2686	283
2687	233
2688	246
2689	246
2690	282
2691	282
2692	272
2693	254
2694	235
2695	225
2696	284
2697	236
2698	225
2699	225
2700	238
2701	262
2702	257
2703	284
2704	270
2705	279
2706	244
2707	229
2708	229
2709	238
2710	226
2711	285
2712	240
2713	240
2714	282
2715	286
2716	241
2717	226
2718	242
2719	234
2720	226
2721	227
2722	287
2723	227
2724	237
2725	261
2726	261
2727	231
2728	53
2729	219
2730	219
2731	219
2732	219
2733	273
2734	288
2735	263
2736	288
2737	288
2738	288
2739	247
2740	251
2741	247
2742	247
2743	240
2744	240
2745	284
2746	289
2747	246
2748	290
2749	291
2750	290
2751	278
2752	246
2753	290
2754	291
2755	237
2756	237
2757	287
2758	233
2759	249
2760	251
2761	219
2762	219
2763	219
2764	247
2765	222
2766	251
2767	252
2768	252
2769	252
2770	252
2771	231
2772	231
2773	231
2774	283
2775	254
2776	254
2777	257
2778	283
2779	237
2780	231
2781	231
2782	229
2783	256
2784	256
2785	256
2786	284
2787	284
2788	269
2789	242
2790	266
2791	253
2792	254
2793	231
2794	273
2795	251
2796	231
2797	292
2798	292
2799	280
2800	292
2801	264
2802	257
2803	276
2804	242
2805	242
2806	288
2807	238
2808	283
2809	264
2810	244
2811	286
2812	272
2813	260
2814	284
2815	251
2816	223
2817	268
2818	268
2819	279
2820	53
2821	222
2822	222
2823	222
2824	222
2825	53
2826	251
2827	263
2828	263
2829	53
2830	53
2831	53
2832	240
2833	240
2834	53
2835	53
2836	53
2837	279
2838	237
2839	237
2840	251
2841	293
2842	283
2843	264
2844	253
2845	286
2846	221
2847	293
2848	247
2849	281
2850	281
2851	281
2852	281
2853	253
2854	253
2855	253
2856	253
2857	237
2858	221
2859	221
2860	221
2861	221
2862	221
2863	221
2864	244
2865	53
2866	279
2867	260
2868	289
2869	278
2870	265
2871	265
2872	265
2873	265
2874	232
2875	232
2876	265
2877	265
2878	251
2879	236
2880	287
2881	236
2882	236
2883	251
2884	266
2885	227
2886	233
2887	227
2888	233
2889	287
2890	226
2891	282
2892	267
2893	268
2894	268
2895	269
2896	270
2897	270
2898	271
2899	271
2900	251
2901	251
2902	224
2903	260
2904	273
2905	273
2906	272
2907	273
2908	254
2909	274
2910	274
2911	226
2912	223
2913	253
2914	281
2915	275
2916	254
2917	232
2918	254
2919	291
2920	253
2921	235
2922	264
2923	253
2924	281
2925	281
2926	254
2927	254
2928	254
2929	254
2930	231
2931	289
2932	293
2933	242
2934	261
2935	293
2936	272
2937	281
2938	281
2939	241
2940	283
2941	268
2942	282
2943	248
2944	279
2945	279
2946	280
2947	280
2948	262
2949	53
2950	53
2951	292
2952	53
2953	229
2954	229
2955	229
2956	229
2957	285
2958	247
2959	279
2960	274
2961	274
2962	229
2963	229
2964	273
2965	275
2966	225
2967	231
2968	231
2969	279
2970	238
2971	286
2972	272
2973	287
2974	274
2975	274
2976	260
2977	284
2978	286
2979	225
2980	248
2981	283
2982	276
2983	284
2984	276
2985	276
2986	251
2987	262
2988	276
2989	234
2990	276
2991	239
2992	287
2993	257
2994	281
2995	264
2996	268
2997	292
2998	287
2999	264
3000	268
3001	231
3002	231
3003	283
3004	231
3005	222
3006	243
3007	243
3008	222
3009	231
3010	288
3011	231
3012	284
3013	243
3014	243
3015	243
3016	243
3017	251
3018	221
3019	239
3020	293
3021	235
3022	235
3023	270
3024	278
3025	251
3026	231
3027	256
3028	244
3029	235
3030	264
3031	246
3032	246
3033	272
3034	272
3035	53
3036	244
3037	251
3038	281
3039	237
3040	277
3041	251
3042	251
3043	234
3044	290
3045	290
3046	289
3047	289
3048	256
3049	256
3050	233
3051	264
3052	287
3053	287
3054	225
3055	247
3056	222
3057	286
3058	266
3059	264
3060	248
3061	261
3062	53
3063	279
3064	273
3065	232
3066	273
3067	257
3068	53
3069	291
3070	291
3071	278
3072	289
3073	289
3074	290
3075	290
3076	256
3077	254
3078	253
3079	260
3080	237
3081	289
3082	246
3083	290
3084	291
3085	290
3086	278
3087	246
3088	290
3089	291
3090	246
3091	246
3092	264
3093	236
3094	229
3095	287
3096	264
3097	272
3098	233
3099	233
3100	251
3101	246
3102	246
3103	270
3104	279
3105	237
3106	251
3107	251
3108	273
3109	279
3110	231
3111	236
3112	222
3113	254
3114	248
3115	248
3116	260
3117	236
3118	257
3119	257
3120	244
3121	279
3122	244
3123	253
3124	253
3125	231
3126	281
3127	264
3128	264
3129	264
3130	281
3131	279
3132	238
3133	236
3134	236
3135	289
3136	278
3137	278
3138	275
3139	281
3140	281
3141	264
3142	251
3143	231
3144	236
3145	272
3146	266
3147	266
3148	279
3149	264
3150	292
3151	292
3152	237
3153	251
3154	221
3155	220
3156	281
3157	222
3158	226
3159	232
3160	293
3161	279
3162	287
3163	254
3164	254
3165	231
3166	289
3167	291
3168	238
3169	241
3170	268
3171	254
3172	252
3173	221
3174	293
3175	292
3176	53
3177	53
3178	53
3179	222
3180	272
3181	254
3182	233
3183	277
3184	265
3185	232
3186	232
3187	265
3188	277
3189	233
3190	236
3191	286
3192	286
3193	288
3194	293
3195	283
3196	239
3197	287
3198	251
3199	226
3200	279
3201	278
3202	232
3203	284
3204	238
3205	234
3206	230
3207	53
3208	259
3209	222
3210	285
3211	292
3212	250
3213	221
3214	234
3215	226
3216	243
3217	230
3218	230
3219	230
3220	285
3221	222
3222	292
3223	241
3224	243
3225	243
3226	230
3227	230
3228	237
3229	258
3230	287
3231	244
3232	284
3233	259
3234	258
3235	284
3236	250
3237	250
3238	288
3239	250
3240	250
3241	272
3242	230
3243	230
3244	241
3245	268
3246	236
3247	243
3248	243
3249	244
3250	237
3251	258
3252	234
3253	292
3254	250
3255	250
3256	250
3257	250
3258	250
3259	250
3260	250
3261	250
3262	272
3263	285
3264	231
3265	53
3266	258
3267	284
3268	238
3269	222
3270	236
3271	254
3272	230
3273	250
3274	250
3275	281
3276	281
3277	234
3278	281
3279	241
3280	281
3281	272
3282	272
3283	277
3284	264
3285	254
3286	254
3287	231
3288	255
3289	255
3290	255
3291	255
3292	230
3293	294
3294	295
3295	295
3296	296
3297	296
3298	297
3299	1
3300	298
3301	299
3302	300
3303	301
3304	301
3305	301
3306	302
3307	301
3308	303
3309	304
3310	305
3311	306
3312	307
3313	303
3314	308
3315	2
3316	309
3317	307
3318	104
3319	2
3320	310
3321	307
3322	311
3323	299
3324	312
3325	296
3326	296
3327	313
3328	307
3329	1
3330	303
3331	308
3332	314
3333	305
3334	297
3335	307
3336	307
3337	300
3338	315
3339	316
3340	305
3341	305
3342	305
3343	2
3344	2
3345	299
3346	310
3347	317
3348	305
3349	317
3350	302
3351	307
3352	316
3353	312
3354	318
3355	318
3356	315
3357	315
3358	319
3359	319
3360	310
3361	310
3362	316
3363	320
3364	321
3365	1
3366	309
3367	322
3368	322
3369	322
3370	322
3371	306
3372	323
3373	324
3374	324
3375	324
3376	324
3377	325
3378	326
3379	326
3380	326
3381	327
3382	313
3383	328
3384	329
3385	327
3386	298
3387	323
3388	295
3389	303
3390	295
3391	324
3392	307
3393	307
3394	310
3395	319
3396	2
3397	2
3398	2
3399	325
3400	317
3401	317
3402	317
3403	299
3404	317
3405	317
3406	313
3407	313
3408	330
3409	330
3410	313
3411	330
3412	331
3413	305
3414	302
3415	301
3416	324
3417	324
3418	330
3419	294
3420	332
3421	307
3422	325
3423	312
3424	312
3425	312
3426	312
3427	322
3428	333
3429	333
3430	324
3431	324
3432	324
3433	296
3434	312
3435	308
3436	306
3437	318
3438	318
3439	315
3440	1
3441	1
3442	301
3443	313
3444	301
3445	298
3446	298
3447	298
3448	298
3449	298
3450	300
3451	329
3452	331
3453	311
3454	311
3455	306
3456	317
3457	317
3458	317
3459	304
3460	305
3461	304
3462	304
3463	304
3464	304
3465	304
3466	319
3467	302
3468	301
3469	301
3470	301
3471	307
3472	1
3473	334
3474	303
3475	320
3476	298
3477	305
3478	305
3479	301
3480	325
3481	325
3482	309
3483	335
3484	305
3485	306
3486	312
3487	336
3488	294
3489	298
3490	319
3491	319
3492	317
3493	331
3494	331
3495	331
3496	331
3497	331
3498	294
3499	331
3500	331
3501	331
3502	302
3503	302
3504	306
3505	314
3506	314
3507	312
3508	312
3509	312
3510	312
3511	312
3512	312
3513	312
3514	302
3515	294
3516	306
3517	337
3518	313
3519	330
3520	337
3521	309
3522	335
3523	322
3524	331
3525	331
3526	318
3527	318
3528	325
3529	305
3530	309
3531	309
3532	332
3533	334
3534	317
3535	328
3536	309
3537	297
3538	297
3539	303
3540	301
3541	338
3542	328
3543	339
3544	334
3545	298
3546	310
3547	310
3548	316
3549	334
3550	302
3551	302
3552	295
3553	325
3554	317
3555	340
3556	334
3557	309
3558	1
3559	321
3560	312
3561	307
3562	328
3563	312
3564	312
3565	325
3566	341
3567	306
3568	296
3569	318
3570	335
3571	335
3572	296
3573	2
3574	2
3575	296
3576	296
3577	296
3578	296
3579	321
3580	303
3581	303
3582	1
3583	2
3584	337
3585	337
3586	1
3587	1
3588	318
3589	296
3590	315
3591	329
3592	301
3593	294
3594	337
3595	319
3596	303
3597	303
3598	307
3599	341
3600	312
3601	335
3602	341
3603	340
3604	338
3605	340
3606	340
3607	310
3608	322
3609	317
3610	324
3611	338
3612	316
3613	301
3614	301
3615	329
3616	314
3617	298
3618	339
3619	333
3620	309
3621	306
3622	299
3623	322
3624	315
3625	2
3626	331
3627	294
3628	341
3629	297
3630	300
3631	300
3632	307
3633	315
3634	315
3635	315
3636	331
3637	331
3638	318
3639	2
3640	317
3641	317
3642	339
3643	316
3644	304
3645	304
3646	311
3647	2
3648	2
3649	339
3650	317
3651	317
3652	316
3653	338
3654	303
3655	312
3656	2
3657	296
3658	317
3659	2
3660	340
3661	317
3662	301
3663	317
3664	337
3665	318
3666	313
3667	338
3668	338
3669	338
3670	332
3671	307
3672	300
3673	302
3674	302
3675	325
3676	330
3677	313
3678	317
3679	336
3680	336
3681	336
3682	317
3683	315
3684	305
3685	315
3686	317
3687	317
3688	302
3689	307
3690	295
3691	295
3692	295
3693	303
3694	324
3695	324
3696	306
3697	308
3698	307
3699	325
3700	302
3701	302
3702	332
3703	309
3704	333
3705	333
3706	334
3707	334
3708	334
3709	310
3710	298
3711	313
3712	313
3713	313
3714	318
3715	318
3716	318
3717	328
3718	296
3719	341
3720	298
3721	315
3722	315
3723	315
3724	301
3725	319
3726	337
3727	319
3728	317
3729	317
3730	310
3731	296
3732	306
3733	312
3734	331
3735	331
3736	310
3737	298
3738	312
3739	335
3740	313
3741	297
3742	294
3743	317
3744	328
3745	338
3746	297
3747	299
3748	299
3749	342
3750	343
3751	343
3752	344
3753	345
3754	345
3755	342
3756	346
3757	346
3758	347
3759	347
3760	345
3761	345
3762	343
3763	348
3764	343
3765	348
3766	348
3767	343
3768	342
3769	26
3770	26
3771	349
3772	349
3773	344
3774	345
3775	346
3776	346
3777	345
3778	342
3779	350
3780	345
3781	348
3782	26
3783	349
3784	345
3785	348
3786	351
3787	348
3788	343
3789	348
3790	345
3791	346
3792	346
3793	343
3794	344
3795	344
3796	350
3797	345
3798	348
3799	350
3800	345
3801	348
3802	344
3803	348
3804	344
3805	352
3806	353
3807	353
3808	354
3809	346
3810	355
3811	355
3812	353
3813	353
3814	355
3815	355
3816	350
3817	350
3818	353
3819	355
3820	351
3821	355
3822	350
3823	350
3824	349
3825	349
3826	353
3827	356
3828	356
3829	357
3830	357
3831	355
3832	357
3833	357
3834	352
3835	352
3836	352
3837	357
3838	353
3839	353
3840	353
3841	349
3842	349
3843	353
3844	353
3845	357
3846	349
3847	349
3848	357
3849	355
3850	352
3851	352
3852	356
3853	356
3854	350
3855	350
3856	356
3857	351
3858	349
3859	349
3860	357
3861	356
3862	353
3863	352
3864	352
3865	354
3866	354
3867	357
3868	349
3869	26
3870	26
3871	350
3872	357
3873	357
3874	357
3875	354
3876	350
3877	350
3878	354
3879	352
3880	353
3881	350
3882	350
3883	347
3884	354
3885	354
3886	351
3887	350
3888	350
3889	350
3890	350
3891	351
3892	354
3893	350
3894	354
3895	357
3896	351
3897	353
3898	353
3899	357
3900	357
3901	353
3902	357
3903	357
3904	354
3905	348
3906	354
3907	352
3908	353
3909	350
3910	347
3911	357
3912	350
3913	346
3914	356
3915	350
3916	350
3917	350
3918	353
3919	357
3920	357
3921	346
3922	346
3923	353
3924	353
3925	353
3926	343
3927	357
3928	344
3929	357
3930	346
3931	346
3932	342
3933	353
3934	350
3935	343
3936	344
3937	345
3938	348
3939	348
3940	348
3941	348
3942	342
3943	342
3944	356
3945	346
3946	348
3947	358
3948	359
3949	360
3950	360
3951	360
3952	358
3953	361
3954	358
3955	362
3956	359
3957	359
3958	359
3959	359
3960	363
3961	361
3962	361
3963	359
3964	359
3965	359
3966	358
3967	364
3968	364
3969	364
3970	365
3971	364
3972	365
3973	358
3974	366
3975	360
3976	359
3977	359
3978	359
3979	359
3980	360
3981	361
3982	57
3983	361
3984	358
3985	358
3986	366
3987	42
3988	362
3989	359
3990	363
3991	363
3992	365
3993	363
3994	360
3995	358
3996	359
3997	359
3998	360
3999	359
4000	361
4001	361
4002	359
4003	363
4004	361
4005	365
4006	362
4007	362
4008	359
4009	361
4010	361
4011	359
4012	365
4013	365
4014	361
4015	363
4016	359
4017	359
4018	361
4019	359
4020	359
4021	365
4022	363
4023	363
4024	241
4025	363
4026	241
4027	359
4028	365
4029	361
4030	361
4031	361
4032	361
4033	363
4034	363
4035	57
4036	361
4037	361
4038	361
4039	361
4040	358
4041	358
4042	358
4043	358
4044	361
4045	361
4046	361
4047	361
4048	362
4049	362
4050	367
4051	367
4052	367
4053	367
4054	362
4055	362
4056	362
4057	363
4058	363
4059	358
4060	358
4061	358
4062	358
4063	358
4064	358
4065	358
4066	358
4067	360
4068	360
4069	367
4070	367
4071	358
4072	364
4073	364
4074	364
4075	364
4076	364
4077	366
4078	366
4079	361
4080	361
4081	368
4082	368
4083	368
4084	368
4085	368
4086	368
4087	369
4088	370
4089	369
4090	368
4091	371
4092	371
4093	372
4094	373
4095	367
4096	59
4097	374
4098	375
4099	369
4100	376
4101	376
4102	372
4103	372
4104	372
4105	367
4106	59
4107	59
4108	59
4109	59
4110	369
4111	49
4112	23
4113	50
4114	50
4115	369
4116	371
4117	377
4118	377
4119	372
4120	25
4121	378
4122	377
4123	377
4124	377
4125	49
4126	49
4127	49
4128	49
4129	50
4130	379
4131	379
4132	369
4133	369
4134	380
4135	380
4136	374
4137	381
4138	380
4139	382
4140	378
4141	378
4142	378
4143	378
4144	59
4145	59
4146	59
4147	375
4148	50
4149	49
4150	378
4151	372
4152	372
4153	377
4154	377
4155	383
4156	369
4157	381
4158	380
4159	377
4160	368
4161	380
4162	380
4163	372
4164	91
4165	372
4166	371
4167	379
4168	379
4169	379
4170	375
4171	375
4172	369
4173	49
4174	91
4175	382
4176	382
4177	91
4178	91
4179	91
4180	379
4181	384
4182	379
4183	379
4184	59
4185	59
4186	49
4187	369
4188	369
4189	371
4190	385
4191	385
4192	385
4193	385
4194	369
4195	379
4196	379
4197	348
4198	348
4199	348
4200	374
4201	49
4202	378
4203	386
4204	375
4205	369
4206	368
4207	91
4208	371
4209	387
4210	384
4211	369
4212	372
4213	23
4214	371
4215	372
4216	372
4217	368
4218	369
4219	91
4220	49
4221	49
4222	374
4223	381
4224	388
4225	372
4226	379
4227	376
4228	381
4229	381
4230	380
4231	380
4232	380
4233	381
4234	385
4235	386
4236	386
4237	369
4238	381
4239	377
4240	377
4241	376
4242	383
4243	369
4244	376
4245	374
4246	374
4247	374
4248	374
4249	383
4250	49
4251	380
4252	49
4253	377
4254	379
4255	371
4256	386
4257	379
4258	383
4259	381
4260	376
4261	386
4262	386
4263	371
4264	371
4265	49
4266	379
4267	369
4268	49
4269	368
4270	388
4271	388
4272	388
4273	388
4274	388
4275	388
4276	373
4277	373
4278	373
4279	373
4280	382
4281	375
4282	375
4283	375
4284	389
4285	372
4286	375
4287	375
4288	372
4289	372
4290	379
4291	373
4292	373
4293	373
4294	373
4295	384
4296	384
4297	384
4298	384
4299	370
4300	49
4301	390
4302	390
4303	390
4304	378
4305	372
4306	372
4307	372
4308	387
4309	387
4310	387
4311	387
4312	387
4313	384
4314	384
4315	384
4316	384
4317	49
4318	370
4319	370
4320	50
4321	389
4322	389
4323	50
4324	50
4325	50
4326	49
4327	391
4328	392
4329	392
4330	37
4331	392
4332	37
4333	392
4334	37
4335	37
4336	392
4337	37
4338	391
4339	392
4340	392
4341	37
4342	391
4343	392
4344	37
4345	392
4346	392
4347	37
4348	392
4349	37
4350	392
4351	392
4352	37
4353	392
4354	391
4355	392
4356	392
4357	392
4358	392
4359	392
4360	392
4361	392
4362	29
4363	37
4364	392
4365	392
4366	37
4367	37
4368	391
4369	37
4370	37
4371	392
4372	392
4373	392
4374	37
4375	391
4376	37
4377	392
4378	37
4379	392
4380	392
4381	37
4382	392
4383	392
4384	37
4385	37
4386	37
4387	391
4388	392
4389	392
4390	392
4391	392
4392	37
4393	392
4394	392
4395	392
4396	392
4397	392
4398	37
4399	392
4400	37
4401	37
4402	37
4403	392
4404	391
4405	392
4406	392
4407	392
4408	37
4409	392
4410	391
4411	391
4412	392
4413	37
4414	391
4415	37
4416	392
4417	392
4418	392
4419	392
4420	393
4421	393
4422	393
4423	27
4424	393
4425	28
4426	28
4427	393
4428	28
4429	393
4430	28
4431	40
4432	393
4433	40
4434	393
4435	393
4436	393
4437	393
4438	393
4439	393
4440	393
4441	393
4442	393
4443	393
4444	84
4445	11
4446	12
4447	11
4448	11
4449	84
4450	84
4451	24
4452	24
4453	24
4454	24
4455	24
4456	24
4457	24
4458	24
4459	24
4460	12
4461	12
4462	84
4463	24
4464	24
4465	24
4466	24
4467	394
4468	326
4469	210
4470	395
4471	396
4472	397
4473	398
4474	399
4475	396
4476	316
4477	214
4478	326
4479	326
4480	326
4481	326
4482	396
4483	396
4484	400
4485	326
4486	401
4487	401
4488	402
4489	320
4490	403
4491	217
4492	316
4493	404
4494	405
4495	394
4496	402
4497	401
4498	397
4499	397
4500	397
4501	397
4502	405
4503	405
4504	406
4505	400
4506	400
4507	210
4508	398
4509	320
4510	404
4511	405
4512	395
4513	394
4514	394
4515	217
4516	321
4517	321
4518	395
4519	407
4520	408
4521	408
4522	406
4523	409
4524	394
4525	297
4526	210
4527	395
4528	395
4529	402
4530	396
4531	410
4532	411
4533	401
4534	411
4535	210
4536	210
4537	412
4538	407
4539	413
4540	400
4541	411
4542	398
4543	316
4544	394
4545	409
4546	400
4547	401
4548	403
4549	403
4550	400
4551	217
4552	216
4553	394
4554	406
4555	408
4556	403
4557	405
4558	400
4559	396
4560	402
4561	405
4562	402
4563	217
4564	410
4565	410
4566	413
4567	412
4568	394
4569	414
4570	321
4571	321
4572	198
4573	198
4574	214
4575	398
4576	403
4577	321
4578	411
4579	394
4580	217
4581	394
4582	316
4583	402
4584	217
4585	217
4586	217
4587	217
4588	401
4589	217
4590	396
4591	411
4592	408
4593	410
4594	214
4595	214
4596	405
4597	407
4598	394
4599	398
4600	400
4601	409
4602	410
4603	308
4604	414
4605	414
4606	401
4607	395
4608	395
4609	412
4610	320
4611	410
4612	402
4613	326
4614	321
4615	409
4616	404
4617	405
4618	411
4619	414
4620	406
4621	321
4622	402
4623	402
4624	400
4625	414
4626	404
4627	216
4628	316
4629	409
4630	395
4631	210
4632	198
4633	320
4634	404
4635	408
4636	320
4637	414
4638	403
4639	395
4640	410
4641	410
4642	414
4643	405
4644	198
4645	410
4646	398
4647	397
4648	403
4649	216
4650	410
4651	411
4652	198
4653	409
4654	409
4655	326
4656	214
4657	396
4658	400
4659	394
4660	400
4661	321
4662	316
4663	320
4664	320
4665	411
4666	406
4667	412
4668	410
4669	217
4670	395
4671	397
4672	395
4673	411
4674	397
4675	398
4676	395
4677	310
4678	310
4679	402
4680	411
4681	407
4682	404
4683	404
4684	217
4685	407
4686	412
4687	396
4688	400
4689	395
4690	395
4691	395
4692	73
4693	73
4694	73
4695	73
4696	395
4697	408
4698	408
4699	408
4700	400
4701	406
4702	405
4703	401
4704	415
4705	415
4706	416
4707	416
4708	417
4709	417
4710	415
4711	415
4712	417
4713	416
4714	415
4715	417
4716	416
4717	417
4718	418
4719	416
4720	417
4721	418
4722	411
4723	411
4724	415
4725	417
4726	216
4727	417
4728	417
4729	417
4730	418
4731	418
4732	416
4733	419
4734	418
4735	415
4736	417
4737	418
4738	418
4739	418
4740	419
4741	419
4742	419
4743	198
4744	418
4745	415
4746	415
4747	419
4748	418
4749	216
4750	418
4751	418
4752	417
4753	216
4754	216
4755	418
4756	216
4757	419
4758	418
4759	297
4760	321
4761	321
4762	406
4763	413
4764	397
4765	397
4766	395
4767	402
4768	406
4769	402
4770	402
4771	407
4772	396
4773	412
4774	417
4775	417
4776	406
4777	321
4778	395
4779	412
4780	412
4781	395
4782	395
4783	216
4784	216
4785	404
4786	404
4787	401
4788	401
4789	400
4790	404
4791	404
4792	401
4793	401
4794	401
4795	401
4796	210
4797	404
4798	401
4799	398
4800	408
4801	408
4802	408
4803	210
4804	210
4805	407
4806	407
4807	407
4808	413
4809	413
4810	411
4811	405
4812	418
4813	410
4814	410
4815	410
4816	411
4817	411
4818	408
4819	398
4820	398
4821	410
4822	401
4823	411
4824	412
4825	407
4826	411
4827	395
4828	199
4829	199
4830	311
4831	308
4832	214
4833	420
4834	300
4835	199
4836	199
4837	214
4838	421
4839	421
4840	399
4841	399
4842	399
4843	399
4844	399
4845	311
4846	422
4847	422
4848	422
4849	199
4850	327
4851	19
4852	215
4853	206
4854	206
4855	19
4856	215
4857	215
4858	215
4859	215
4860	215
4861	295
4862	339
4863	339
4864	104
4865	300
4866	199
4867	399
4868	399
4869	399
4870	323
4871	215
4872	421
4873	422
4874	199
4875	305
4876	305
4877	339
4878	323
4879	104
4880	323
4881	421
4882	215
4883	305
4884	199
4885	339
4886	422
4887	422
4888	422
4889	422
4890	421
4891	422
4892	19
4893	19
4894	19
4895	308
4896	420
4897	199
4898	420
4899	308
4900	422
4901	327
4902	104
4903	421
4904	421
4905	421
4906	327
4907	327
4908	327
4909	327
4910	323
4911	327
4912	300
4913	323
4914	323
4915	323
4916	300
4917	421
4918	323
4919	327
4920	323
4921	327
4922	421
4923	300
4924	323
4925	308
4926	420
4927	79
4928	79
4929	79
4930	3
4931	3
4932	3
4933	3
4934	3
4935	3
4936	79
4937	3
4938	79
4939	3
4940	78
