# node_id  community_id
0	0
1	1
2	2
3	3
4	4
5	5
6	6
7	7
8	8
9	9
10	10
11	11
12	12
13	13
14	13
15	14
16	15
17	16
18	17
19	5
20	18
21	19
22	20
23	21
24	22
25	23
26	24
27	25
28	26
29	27
30	28
31	29
32	30
33	31
34	32
35	33
36	34
37	35
38	36
39	37
40	38
41	39
42	40
43	41
44	42
45	43
46	44
47	45
48	46
49	47
50	48
51	49
52	50
53	11
54	38
55	51
56	11
57	52
58	53
59	54
60	55
61	41
62	56
63	57
64	58
65	59
66	60
67	61
68	11
69	62
70	63
71	64
72	65
73	66
74	67
75	68
76	69
77	70
78	71
79	72
80	73
81	74
82	75
83	71
84	76
85	77
86	76
87	78
88	79
89	80
90	81
91	82
92	83
93	84
94	85
95	86
96	87
97	88
98	89
99	90
100	91
101	92
102	93
103	94
104	95
105	42
106	96
107	97
108	98
109	99
110	100
111	101
112	102
113	103
114	104
115	105
116	106
117	107
118	108
119	109
120	110
121	111
122	112
123	11
124	113
125	69
126	114
127	115
128	28
129	116
130	117
131	118
132	119
133	120
134	121
135	122
136	123
137	124
138	125
139	126
140	127
141	128
142	129
143	130
144	131
145	132
146	133
147	134
148	135
149	136
150	62
151	137
152	138
153	139
154	140
155	141
156	11
157	142
158	143
159	20
160	4
161	90
162	144
163	145
164	146
165	93
166	147
167	76
168	148
169	11
170	11
171	149
172	106
173	150
174	151
175	152
176	153
177	154
178	155
179	34
180	156
181	157
182	108
183	158
184	159
185	160
186	161
187	162
188	163
189	164
190	124
191	165
192	42
193	166
194	161
195	167
196	168
197	32
198	169
199	170
200	20
201	171
202	89
203	172
204	173
205	174
206	175
207	176
208	177
209	34
210	178
211	69
212	179
213	180
214	83
215	181
216	182
217	183
218	184
219	185
220	15
221	186
222	124
223	98
224	177
225	177
226	187
227	162
228	188
229	189
230	190
231	88
232	191
233	192
234	193
235	194
236	147
237	195
238	196
239	21
240	197
241	175
242	198
243	199
244	200
245	128
246	106
247	150
248	201
249	202
250	117
251	74
252	203
253	204
254	3
255	205
256	206
257	206
258	207
259	35
260	208
261	98
262	163
263	209
264	11
265	210
266	211
267	83
268	212
269	213
270	214
271	5
272	214
273	215
274	216
275	79
276	217
277	218
278	219
279	220
280	221
281	20
282	222
283	223
284	224
285	225
286	226
287	227
288	228
289	229
290	230
291	231
292	232
293	233
294	234
295	93
296	207
297	33
298	235
299	236
300	237
301	238
302	239
303	240
304	241
305	242
306	243
307	244
308	65
309	215
310	245
311	246
312	199
313	247
314	248
315	249
316	169
317	250
318	63
319	251
320	186
321	252
322	188
323	11
324	253
325	218
326	193
327	254
328	255
329	256
330	257
331	118
332	258
333	152
334	259
335	260
336	69
337	257
338	106
339	261
340	262
341	20
342	263
343	264
344	265
345	266
346	267
347	268
348	269
349	270
350	271
351	272
352	273
353	274
354	275
355	276
356	277
357	11
358	194
359	45
360	130
361	278
362	93
363	279
364	280
365	281
366	282
367	283
368	107
369	284
370	285
371	248
372	286
373	287
374	51
375	227
376	288
377	33
378	289
379	11
380	290
381	291
382	292
383	293
384	33
385	294
386	295
387	224
388	296
389	179
390	35
391	297
392	298
393	299
394	300
395	301
396	179
397	302
398	85
399	303
400	304
401	244
402	305
403	306
404	307
405	11
406	308
407	309
408	310
409	104
410	311
411	229
412	192
413	11
414	312
415	313
416	257
417	270
418	314
419	169
420	315
421	316
422	317
423	318
424	319
425	156
426	320
427	231
428	271
429	251
430	321
431	47
432	322
433	323
434	231
435	324
436	288
437	325
438	326
439	24
440	327
441	328
442	92
443	313
444	42
445	329
446	51
447	330
448	331
449	332
450	146
451	221
452	333
453	334
454	335
455	336
456	337
457	11
458	338
459	339
460	340
461	20
462	341
463	342
464	313
465	343
466	344
467	345
468	346
469	347
470	152
471	348
472	349
473	47
474	350
475	351
476	352
477	338
478	353
479	354
480	182
481	355
482	356
483	357
484	50
485	358
486	227
487	351
488	232
489	93
490	47
491	343
492	220
493	255
494	52
495	52
496	217
497	11
498	32
499	73
500	215
501	319
502	34
503	101
504	174
505	343
506	257
507	123
508	156
509	260
510	17
511	117
512	197
513	187
514	262
515	22
516	22
517	303
518	79
519	324
520	156
521	103
522	194
523	27
524	301
525	17
526	89
527	178
528	104
529	82
530	201
531	203
532	53
533	58
534	95
535	352
536	174
537	270
538	173
539	177
540	20
541	270
542	279
543	37
544	304
545	177
546	190
547	50
548	163
549	111
550	239
551	197
552	215
553	92
554	248
555	146
556	61
557	35
558	47
559	188
560	358
561	88
562	72
563	145
564	314
565	52
566	147
567	304
568	173
569	42
570	37
571	75
572	151
573	50
574	313
575	7
576	102
577	81
578	230
579	17
580	4
581	222
582	8
583	184
584	113
585	85
586	205
587	38
588	52
589	51
590	52
591	188
592	155
593	70
594	220
595	32
596	308
597	123
598	309
599	189
600	304
601	29
602	227
603	22
604	320
605	322
606	145
607	151
608	290
609	266
610	306
611	354
612	350
613	15
614	145
615	59
616	279
617	301
618	294
619	117
620	94
621	299
622	217
623	247
624	210
625	355
626	26
627	272
628	163
629	335
630	0
631	147
632	222
633	14
634	97
635	148
636	190
637	177
638	262
639	294
640	117
641	303
642	133
643	164
644	236
645	225
646	299
647	165
648	250
649	304
650	90
651	10
652	152
653	105
654	18
655	132
656	306
657	193
658	346
659	85
660	201
661	190
662	199
663	315
664	342
665	10
666	296
667	171
668	350
669	348
670	225
671	215
672	244
673	271
674	248
675	146
676	342
677	215
678	24
679	350
680	34
681	329
682	282
683	147
684	278
685	326
686	109
687	109
688	352
689	42
690	72
691	94
692	355
693	11
694	225
695	261
696	24
697	33
698	108
699	72
700	328
701	161
702	46
703	145
704	177
705	223
706	187
707	96
708	217
709	205
710	272
711	41
712	331
713	223
714	305
715	346
716	309
717	88
718	260
719	21
720	240
721	174
722	11
723	226
724	350
725	232
726	221
727	105
728	152
729	298
730	161
731	210
732	47
733	257
734	352
735	36
736	10
737	179
738	252
739	10
740	335
741	238
742	11
743	305
744	250
745	152
746	90
747	150
748	150
749	43
750	51
751	51
752	275
753	207
754	203
755	199
756	319
757	101
758	41
759	313
760	220
761	220
762	22
763	5
764	62
765	88
766	353
767	257
768	117
769	64
770	51
771	187
772	72
773	337
774	118
775	76
776	282
777	241
778	51
779	30
780	174
781	216
782	250
783	17
784	303
785	202
786	61
787	32
788	171
789	189
790	13
791	126
792	78
793	32
794	69
795	76
796	187
797	42
798	333
799	348
800	259
801	33
802	197
803	96
804	162
805	250
806	138
807	107
808	63
809	138
810	209
811	345
812	266
813	282
814	248
815	326
816	299
817	329
818	335
819	222
820	177
821	268
822	17
823	343
824	144
825	32
826	173
827	11
828	11
829	351
830	221
831	283
832	324
833	228
834	92
835	10
836	239
837	83
838	217
839	33
840	6
841	344
842	253
843	168
844	13
845	290
846	355
847	70
848	285
849	276
850	115
851	170
852	69
853	228
854	35
855	94
856	44
857	203
858	217
859	324
860	330
861	312
862	232
863	207
864	126
865	298
866	178
867	313
868	232
869	85
870	38
871	38
872	38
873	309
874	239
875	318
876	332
877	177
878	123
879	276
880	117
881	188
882	342
883	340
884	163
885	111
886	250
887	192
888	301
889	337
890	262
891	94
892	309
893	313
894	49
895	76
896	232
897	331
898	33
899	215
900	158
901	265
902	51
903	335
904	234
905	275
906	205
907	76
908	194
909	246
910	18
911	163
912	30
913	20
914	185
915	21
916	342
917	187
918	30
919	89
920	36
921	86
922	49
923	219
924	228
925	85
926	21
927	95
928	103
929	258
930	122
931	24
932	247
933	183
934	204
935	11
936	309
937	126
938	257
939	12
940	353
941	228
942	145
943	39
944	299
945	240
946	17
947	47
948	233
949	156
950	111
951	307
952	324
953	64
954	117
955	233
956	96
957	239
958	319
959	3
960	69
961	320
962	271
963	161
964	204
965	90
966	317
967	42
968	207
969	303
970	47
971	0
972	329
973	221
974	33
975	173
976	23
977	293
978	46
979	15
980	100
981	25
982	5
983	173
984	262
985	20
986	189
987	93
988	177
989	309
990	170
991	281
992	342
993	230
994	149
995	38
996	247
997	7
998	52
999	283
1000	149
1001	257
1002	258
1003	88
1004	51
1005	164
1006	177
1007	306
1008	356
1009	337
1010	107
1011	228
1012	255
1013	220
1014	272
1015	340
1016	236
1017	102
1018	203
1019	295
1020	108
1021	215
1022	11
1023	275
1024	33
1025	264
1026	192
1027	76
1028	299
1029	189
1030	241
1031	277
1032	189
1033	122
1034	106
1035	304
1036	52
1037	126
1038	132
1039	101
1040	298
1041	225
1042	284
1043	353
1044	32
1045	94
1046	11
1047	270
1048	74
1049	139
1050	338
1051	141
1052	70
1053	178
1054	260
1055	11
1056	304
1057	222
1058	173
1059	47
1060	207
1061	33
1062	64
1063	292
1064	21
1065	93
1066	45
1067	353
1068	45
1069	96
1070	187
1071	221
1072	129
1073	299
1074	277
1075	303
1076	237
1077	199
1078	228
1079	319
1080	138
1081	145
1082	202
1083	225
1084	3
1085	34
1086	45
1087	51
1088	328
1089	33
1090	321
1091	21
1092	147
1093	137
1094	272
1095	303
1096	61
1097	14
1098	208
1099	170
1100	355
1101	331
1102	38
1103	163
1104	326
1105	203
1106	178
1107	208
1108	85
1109	179
1110	131
1111	184
1112	232
1113	185
1114	96
1115	47
1116	83
1117	18
1118	343
1119	260
1120	87
1121	147
1122	347
1123	347
1124	347
1125	178
1126	203
1127	231
1128	347
1129	63
1130	111
1131	203
1132	193
1133	193
1134	250
1135	257
1136	336
1137	355
1138	178
1139	106
1140	92
1141	126
1142	163
1143	351
1144	256
1145	303
1146	219
1147	282
1148	152
1149	32
1150	11
1151	326
1152	167
1153	193
1154	79
1155	273
1156	188
1157	85
1158	198
1159	77
1160	173
1161	101
1162	297
1163	193
1164	191
1165	121
1166	327
1167	64
1168	355
1169	131
1170	187
1171	345
1172	329
1173	203
1174	11
1175	243
1176	304
1177	174
1178	98
1179	184
1180	184
1181	338
1182	352
1183	300
1184	35
1185	94
1186	296
1187	299
1188	189
1189	218
1190	15
1191	221
1192	259
1193	11
1194	118
1195	260
1196	353
1197	203
1198	259
1199	232
1200	282
1201	41
1202	178
1203	246
1204	171
1205	275
1206	137
1207	96
1208	110
1209	240
1210	47
1211	156
1212	70
1213	47
1214	27
1215	298
1216	198
1217	352
1218	297
1219	104
1220	197
1221	43
1222	106
1223	167
1224	314
1225	55
1226	270
1227	157
1228	232
1229	62
1230	237
1231	259
1232	308
1233	173
1234	194
1235	224
1236	219
1237	41
1238	215
1239	257
1240	108
1241	47
1242	170
1243	257
1244	342
1245	56
1246	304
1247	161
1248	130
1249	11
1250	80
1251	177
1252	330
1253	5
1254	344
1255	150
1256	273
1257	102
1258	230
1259	299
1260	76
1261	143
1262	257
1263	284
1264	288
1265	353
1266	47
1267	180
1268	327
1269	328
1270	273
1271	56
1272	238
1273	204
1274	215
1275	33
1276	257
1277	254
1278	146
1279	257
1280	207
1281	251
1282	134
1283	145
1284	45
1285	20
1286	149
1287	268
1288	45
1289	167
1290	281
1291	225
1292	171
1293	253
1294	109
1295	227
1296	129
1297	202
1298	303
1299	14
1300	173
1301	17
1302	304
1303	108
1304	179
1305	299
1306	232
1307	184
1308	258
1309	251
1310	167
1311	206
1312	85
1313	247
1314	258
1315	118
1316	321
1317	135
1318	260
1319	47
1320	45
1321	94
1322	70
1323	170
1324	152
1325	11
1326	133
1327	82
1328	159
1329	109
1330	42
1331	112
1332	92
1333	47
1334	248
1335	330
1336	92
1337	232
1338	354
1339	253
1340	295
1341	257
1342	146
1343	228
1344	18
1345	21
1346	204
1347	108
1348	69
1349	355
1350	304
1351	148
1352	20
1353	216
1354	90
1355	13
1356	64
1357	14
1358	94
1359	352
1360	262
1361	92
1362	343
1363	156
1364	25
1365	109
1366	0
1367	3
1368	207
1369	2
1370	319
1371	225
1372	352
1373	121
1374	11
1375	355
1376	111
1377	247
1378	255
1379	123
1380	232
1381	324
1382	88
1383	109
1384	354
1385	51
1386	237
1387	46
1388	197
1389	239
1390	232
1391	163
1392	32
1393	263
1394	326
1395	187
1396	69
1397	284
1398	128
1399	24
1400	145
1401	17
1402	96
1403	183
1404	301
1405	72
1406	32
1407	167
1408	98
1409	230
1410	350
1411	228
1412	22
1413	11
1414	45
1415	76
1416	51
1417	51
1418	84
1419	352
1420	85
1421	92
1422	22
1423	88
1424	299
1425	33
1426	122
1427	225
1428	178
1429	3
1430	76
1431	11
1432	96
1433	96
1434	85
1435	178
1436	161
1437	301
1438	11
1439	128
1440	23
1441	303
1442	69
1443	255
1444	64
1445	5
1446	153
1447	303
1448	278
1449	320
1450	169
1451	207
1452	353
1453	11
1454	70
1455	301
1456	11
1457	102
1458	11
1459	168
1460	228
1461	173
1462	304
1463	92
1464	11
1465	146
1466	35
1467	35
1468	145
1469	161
1470	112
1471	126
1472	233
1473	104
1474	102
1475	188
1476	355
1477	249
1478	90
1479	319
1480	175
1481	216
1482	232
1483	17
1484	198
1485	227
1486	90
1487	285
1488	85
1489	237
1490	153
1491	265
1492	324
1493	69
1494	224
1495	258
1496	20
1497	275
1498	14
1499	210
1500	70
1501	226
1502	298
1503	74
1504	130
1505	251
1506	95
1507	304
1508	319
1509	239
1510	21
1511	157
1512	100
1513	47
1514	294
1515	133
1516	217
1517	335
1518	169
1519	244
1520	173
1521	303
1522	182
1523	194
1524	51
1525	34
1526	262
1527	156
1528	352
1529	195
1530	94
1531	34
1532	76
1533	304
1534	214
1535	203
1536	42
1537	347
1538	216
1539	208
1540	236
1541	193
1542	222
1543	336
1544	105
1545	331
1546	351
1547	11
1548	228
1549	252
1550	20
1551	303
1552	15
1553	180
1554	322
1555	18
1556	355
1557	141
1558	300
1559	199
1560	278
1561	22
1562	113
1563	323
1564	323
1565	167
1566	252
1567	326
1568	111
1569	332
1570	213
1571	220
1572	156
1573	275
1574	227
1575	321
1576	10
1577	200
1578	45
1579	356
1580	173
1581	41
1582	143
1583	53
1584	284
1585	249
1586	79
1587	75
1588	184
1589	298
1590	351
1591	145
1592	79
1593	250
1594	209
1595	273
1596	290
1597	306
1598	21
1599	336
1600	258
1601	273
1602	13
1603	44
1604	275
1605	355
1606	11
1607	199
1608	309
1609	207
1610	257
1611	39
1612	261
1613	96
1614	78
1615	308
1616	344
1617	203
1618	200
1619	244
1620	187
1621	24
1622	177
1623	300
1624	213
1625	203
1626	319
1627	295
1628	246
1629	322
1630	14
1631	247
1632	47
1633	225
1634	277
1635	92
1636	47
1637	76
1638	42
1639	239
1640	257
1641	299
1642	45
1643	51
1644	11
1645	207
1646	356
1647	239
1648	141
1649	263
1650	285
1651	98
1652	15
1653	207
1654	189
1655	161
1656	251
1657	255
1658	75
1659	258
1660	97
1661	20
1662	141
1663	249
1664	298
1665	288
1666	150
1667	300
1668	353
1669	328
1670	276
1671	4
1672	45
1673	184
1674	21
1675	163
1676	82
1677	203
1678	220
1679	94
1680	155
1681	169
1682	163
1683	47
1684	20
1685	312
1686	30
1687	49
1688	276
1689	352
1690	327
1691	312
1692	358
1693	321
1694	179
1695	288
1696	11
1697	169
1698	215
1699	303
1700	351
1701	279
1702	199
1703	185
1704	75
1705	45
1706	15
1707	199
1708	353
1709	137
1710	335
1711	0
1712	351
1713	148
1714	228
1715	138
1716	70
1717	297
1718	193
1719	303
1720	233
1721	185
1722	21
1723	279
1724	108
1725	153
1726	187
1727	277
1728	15
1729	109
1730	179
1731	187
1732	161
1733	33
1734	250
1735	274
1736	52
1737	80
1738	10
1739	332
1740	279
1741	72
1742	263
1743	263
1744	300
1745	213
1746	288
1747	91
1748	106
1749	151
1750	35
1751	355
1752	143
1753	104
1754	62
1755	193
1756	248
1757	18
1758	308
1759	163
1760	52
1761	58
1762	45
1763	64
1764	108
1765	324
1766	6
1767	108
1768	299
1769	336
1770	32
1771	230
1772	199
1773	207
1774	156
1775	13
1776	33
1777	10
1778	304
1779	220
1780	326
1781	356
1782	299
1783	144
1784	34
1785	217
1786	21
1787	112
1788	117
1789	69
1790	298
1791	15
1792	117
1793	34
1794	343
1795	85
1796	357
1797	158
1798	82
1799	292
1800	276
1801	254
1802	239
1803	329
1804	319
1805	319
1806	238
1807	234
1808	239
1809	108
1810	207
1811	151
1812	133
1813	20
1814	322
1815	355
1816	141
1817	93
1818	332
1819	126
1820	340
1821	38
1822	278
1823	265
1824	199
1825	140
1826	260
1827	63
1828	232
1829	140
1830	164
1831	305
1832	76
1833	257
1834	193
1835	322
1836	180
1837	230
1838	253
1839	257
1840	20
1841	344
1842	118
1843	196
1844	352
1845	228
1846	88
1847	231
1848	293
1849	178
1850	186
1851	237
1852	309
1853	202
1854	256
1855	231
1856	61
1857	256
1858	250
1859	151
1860	347
1861	150
1862	215
1863	85
1864	354
1865	82
1866	203
1867	64
1868	166
1869	69
1870	25
1871	345
1872	304
1873	187
1874	11
1875	45
1876	64
1877	151
1878	155
1879	8
1880	94
1881	304
1882	45
1883	199
1884	126
1885	255
1886	193
1887	11
1888	185
1889	145
1890	205
1891	137
1892	176
1893	145
1894	218
1895	11
1896	17
1897	260
1898	11
1899	37
1900	344
1901	147
1902	243
1903	121
1904	340
1905	47
1906	45
1907	34
1908	301
1909	187
1910	193
1911	324
1912	139
1913	148
1914	215
1915	88
1916	304
1917	352
1918	283
1919	297
1920	75
1921	289
1922	90
1923	181
1924	167
1925	100
1926	42
1927	129
1928	33
1929	193
1930	72
1931	271
1932	311
1933	27
1934	188
1935	332
1936	271
1937	42
1938	30
1939	319
1940	42
1941	122
1942	98
1943	319
1944	193
1945	193
1946	83
1947	23
1948	322
1949	74
1950	221
1951	48
1952	303
1953	303
1954	348
1955	213
1956	357
1957	94
1958	169
1959	37
1960	45
1961	175
1962	65
1963	58
1964	196
1965	170
1966	246
1967	271
1968	277
1969	194
1970	292
1971	301
1972	284
1973	155
1974	125
1975	201
1976	11
1977	283
1978	76
1979	83
1980	157
1981	50
1982	163
1983	20
1984	16
1985	45
1986	213
1987	223
1988	85
1989	223
1990	124
1991	163
1992	11
1993	300
1994	156
1995	266
1996	207
1997	114
1998	44
1999	271
2000	45
2001	3
2002	338
2003	70
2004	163
2005	139
2006	243
2007	231
2008	49
2009	12
2010	304
2011	51
2012	330
2013	300
2014	353
2015	5
2016	51
2017	338
2018	215
2019	342
2020	194
2021	84
2022	228
2023	74
2024	161
2025	176
2026	63
2027	51
2028	303
2029	161
2030	278
2031	24
2032	187
2033	250
2034	126
2035	323
2036	204
2037	187
2038	356
2039	231
2040	326
2041	24
2042	92
2043	18
2044	205
2045	137
2046	274
2047	87
2048	325
2049	229
2050	3
2051	91
2052	342
2053	224
2054	260
2055	258
2056	229
2057	131
2058	298
2059	251
2060	188
2061	284
2062	42
2063	47
2064	52
2065	108
2066	317
2067	84
2068	168
2069	52
2070	323
2071	319
2072	173
2073	33
2074	174
2075	161
2076	10
2077	249
2078	271
2079	94
2080	217
2081	34
2082	42
2083	261
2084	98
2085	288
2086	70
2087	87
2088	144
2089	114
2090	215
2091	312
2092	249
2093	209
2094	352
2095	94
2096	192
2097	303
2098	11
2099	106
2100	246
2101	159
2102	209
2103	51
2104	251
2105	307
2106	206
2107	112
2108	337
2109	64
2110	90
2111	82
2112	197
2113	270
2114	332
2115	326
2116	23
2117	272
2118	10
2119	17
2120	321
2121	272
2122	199
2123	231
2124	319
2125	72
2126	17
2127	10
2128	141
2129	281
2130	340
2131	35
2132	45
2133	12
2134	69
2135	69
2136	76
2137	223
2138	63
2139	233
2140	178
2141	328
2142	45
2143	151
2144	94
2145	203
2146	297
2147	308
2148	87
2149	299
2150	141
2151	239
2152	301
2153	305
2154	158
2155	76
2156	51
2157	140
2158	257
2159	82
2160	117
2161	270
2162	17
2163	35
2164	187
2165	42
2166	267
2167	11
2168	178
2169	335
2170	239
2171	94
2172	177
2173	17
2174	38
2175	293
2176	336
2177	307
2178	42
2179	225
2180	58
2181	34
2182	203
2183	167
2184	247
2185	253
2186	156
2187	177
2188	200
2189	239
2190	239
2191	188
2192	330
2193	177
2194	88
2195	92
2196	163
2197	38
2198	42
2199	255
2200	275
2201	251
2202	179
2203	151
2204	307
2205	163
2206	187
2207	256
2208	192
2209	189
2210	328
2211	121
2212	309
2213	356
2214	324
2215	186
2216	185
2217	249
2218	258
2219	279
2220	163
2221	58
2222	21
2223	271
2224	204
2225	350
2226	180
2227	161
2228	100
2229	218
2230	318
2231	279
2232	10
2233	220
2234	133
2235	148
2236	4
2237	134
2238	139
2239	277
2240	338
2241	62
2242	216
2243	135
2244	303
2245	215
2246	226
2247	75
2248	340
2249	258
2250	52
2251	65
2252	166
2253	208
2254	166
2255	23
2256	247
2257	284
2258	251
2259	303
2260	33
2261	233
2262	70
2263	167
2264	199
2265	37
2266	48
2267	231
2268	166
2269	206
2270	194
2271	145
2272	47
2273	194
2274	76
2275	317
2276	83
2277	196
2278	263
2279	15
2280	320
2281	131
2282	155
2283	111
2284	133
2285	262
2286	288
2287	145
2288	122
2289	152
2290	89
2291	332
2292	345
2293	173
2294	98
2295	336
2296	216
2297	352
2298	181
2299	184
2300	344
2301	348
2302	288
2303	158
2304	150
2305	33
2306	178
2307	319
2308	228
2309	271
2310	323
2311	20
2312	336
2313	355
2314	216
2315	115
2316	24
2317	352
2318	319
2319	194
2320	288
2321	184
2322	88
2323	324
2324	253
2325	214
2326	288
2327	261
2328	225
2329	323
2330	331
2331	253
2332	218
2333	333
2334	94
2335	90
2336	341
2337	78
2338	345
2339	169
2340	89
2341	177
2342	275
2343	0
2344	288
2345	51
2346	111
2347	340
2348	20
2349	293
2350	319
2351	239
2352	171
2353	133
2354	205
2355	15
2356	223
2357	214
2358	185
2359	183
2360	357
2361	260
2362	91
2363	234
2364	3
2365	354
2366	207
2367	31
2368	59
2369	332
2370	145
2371	148
2372	166
2373	290
2374	144
2375	157
2376	13
2377	325
2378	109
2379	294
2380	74
2381	332
2382	338
2383	106
2384	285
2385	3
2386	11
2387	357
2388	116
2389	11
2390	105
2391	105
2392	301
2393	256
2394	217
2395	308
2396	189
2397	187
2398	232
2399	342
2400	57
2401	199
2402	25
2403	94
2404	303
2405	313
2406	173
2407	203
2408	91
2409	239
2410	257
2411	224
2412	81
2413	11
2414	330
2415	173
2416	55
2417	294
2418	328
2419	11
2420	65
2421	25
2422	197
2423	74
2424	342
2425	243
2426	253
2427	335
2428	98
2429	181
2430	94
2431	86
2432	289
2433	11
2434	325
2435	188
2436	133
2437	76
2438	173
2439	203
2440	33
2441	24
2442	38
2443	166
2444	4
2445	70
2446	138
2447	204
2448	23
2449	230
2450	123
2451	336
2452	273
2453	186
2454	111
2455	163
2456	11
2457	193
2458	275
2459	180
2460	216
2461	210
2462	309
2463	194
2464	76
2465	218
2466	164
2467	232
2468	310
2469	137
2470	312
2471	188
2472	203
2473	41
2474	61
2475	61
2476	202
2477	23
2478	72
2479	134
2480	199
2481	161
2482	93
2483	13
2484	319
2485	125
2486	210
2487	195
2488	126
2489	199
2490	257
2491	19
2492	137
2493	329
2494	231
2495	293
2496	181
2497	109
2498	239
2499	218
2500	202
2501	126
2502	3
2503	22
2504	175
2505	76
2506	30
2507	88
2508	261
2509	14
2510	109
2511	186
2512	51
2513	262
2514	18
2515	129
2516	45
2517	355
2518	164
2519	201
2520	42
2521	206
2522	88
2523	253
2524	262
2525	355
2526	30
2527	52
2528	123
2529	176
2530	173
2531	224
2532	137
2533	215
2534	148
2535	273
2536	220
2537	49
2538	257
2539	176
2540	162
2541	51
2542	200
2543	11
2544	93
2545	346
2546	330
2547	215
2548	26
2549	214
2550	172
2551	86
2552	347
2553	3
2554	215
2555	336
2556	111
2557	338
2558	225
2559	34
2560	172
2561	346
2562	33
2563	74
2564	312
2565	357
2566	268
2567	243
2568	229
2569	313
2570	222
2571	126
2572	335
2573	162
2574	135
2575	179
2576	355
2577	75
2578	227
2579	290
2580	318
2581	322
2582	256
2583	228
2584	248
2585	262
2586	121
2587	25
2588	34
2589	299
2590	271
2591	147
2592	17
2593	89
2594	89
2595	214
2596	125
2597	163
2598	273
2599	164
2600	350
2601	247
2602	96
2603	340
2604	83
2605	35
2606	50
2607	92
2608	257
2609	290
2610	139
2611	244
2612	255
2613	74
2614	217
2615	304
2616	20
2617	179
2618	194
2619	348
2620	167
2621	11
2622	51
2623	51
2624	248
2625	47
2626	35
2627	94
2628	343
2629	131
2630	309
2631	175
2632	157
2633	170
2634	11
2635	171
2636	96
2637	335
2638	298
2639	177
2640	246
2641	328
2642	328
2643	93
2644	149
2645	97
2646	221
2647	172
2648	25
2649	191
2650	52
2651	258
2652	129
2653	61
2654	25
2655	61
2656	347
2657	25
2658	93
2659	84
2660	329
2661	51
2662	82
2663	220
2664	48
2665	35
2666	299
2667	175
2668	32
2669	30
2670	197
2671	330
2672	239
2673	128
2674	227
2675	260
2676	170
2677	205
2678	237
2679	257
2680	98
2681	118
2682	173
2683	75
2684	248
2685	227
2686	10
2687	11
2688	207
2689	144
2690	213
2691	289
2692	283
2693	253
2694	118
2695	128
2696	260
2697	303
2698	199
2699	319
2700	184
2701	322
2702	300
2703	153
2704	220
2705	306
2706	38
2707	122
2708	338
2709	221
2710	133
2711	304
2712	233
2713	21
2714	4
2715	33
2716	25
2717	11
2718	347
2719	347
2720	69
2721	178
2722	20
2723	213
2724	203
2725	151
2726	347
2727	279
2728	347
2729	347
2730	233
2731	69
2732	197
2733	265
2734	312
2735	137
2736	196
2737	177
2738	90
2739	246
2740	352
2741	47
2742	35
2743	63
2744	179
2745	203
2746	258
2747	232
2748	64
2749	272
2750	173
2751	326
2752	262
2753	18
2754	257
2755	118
2756	11
2757	69
2758	165
2759	271
2760	51
2761	122
2762	152
2763	49
2764	356
2765	171
2766	42
2767	47
2768	96
2769	352
2770	333
2771	186
2772	155
2773	353
2774	355
2775	151
2776	219
2777	61
2778	347
2779	11
2780	11
2781	124
2782	126
2783	138
2784	331
2785	145
2786	351
2787	42
2788	145
2789	319
2790	245
2791	25
2792	187
2793	259
2794	177
2795	335
2796	76
2797	10
2798	240
2799	235
2800	173
2801	79
2802	32
2803	34
2804	255
2805	174
2806	108
2807	279
2808	228
2809	199
2810	216
2811	201
2812	155
2813	33
2814	174
2815	233
2816	23
2817	193
2818	11
2819	208
2820	231
2821	111
2822	219
2823	304
2824	239
2825	204
2826	298
2827	13
2828	157
2829	144
2830	253
2831	271
2832	299
2833	253
2834	322
2835	87
2836	325
2837	336
2838	187
2839	90
2840	47
2841	178
2842	203
2843	150
2844	288
2845	312
2846	46
2847	194
2848	233
2849	104
2850	155
2851	74
2852	219
2853	252
2854	108
2855	188
2856	103
2857	241
2858	241
2859	216
2860	33
2861	277
2862	270
2863	17
2864	11
2865	228
2866	172
2867	161
2868	188
2869	135
2870	27
2871	243
2872	102
2873	32
2874	353
2875	150
2876	163
2877	146
2878	216
2879	171
2880	51
2881	202
2882	225
2883	24
2884	355
2885	145
2886	96
2887	224
2888	225
2889	139
2890	262
2891	225
2892	61
2893	3
2894	239
2895	193
2896	110
2897	145
2898	308
2899	32
2900	319
2901	199
2902	172
2903	278
2904	355
2905	180
2906	111
2907	233
2908	235
2909	38
2910	175
2911	336
2912	274
2913	52
2914	96
2915	190
2916	33
2917	3
2918	210
2919	321
2920	172
2921	355
2922	188
2923	11
2924	42
2925	179
2926	328
2927	183
2928	303
2929	152
2930	307
2931	172
2932	163
2933	137
2934	93
2935	225
2936	92
2937	167
2938	222
2939	79
2940	90
2941	255
2942	259
2943	90
2944	263
2945	74
2946	49
2947	352
2948	248
2949	321
2950	117
2951	225
2952	45
2953	322
2954	215
2955	181
2956	347
2957	192
2958	75
2959	228
2960	196
2961	157
2962	332
2963	45
2964	235
2965	51
2966	274
2967	44
2968	263
2969	330
2970	20
2971	187
2972	335
2973	172
2974	280
2975	174
2976	29
2977	17
2978	35
2979	233
2980	157
2981	270
2982	172
2983	55
2984	278
2985	95
2986	30
2987	70
2988	247
2989	110
2990	279
2991	311
2992	275
2993	42
2994	350
2995	141
2996	76
2997	163
2998	69
2999	62
3000	24
3001	193
3002	337
3003	326
3004	19
3005	259
3006	259
3007	206
3008	222
3009	356
3010	332
3011	161
3012	82
3013	72
3014	280
3015	169
3016	264
3017	247
3018	271
3019	209
3020	5
3021	304
3022	27
3023	51
3024	269
3025	335
3026	262
3027	24
3028	176
3029	135
3030	117
3031	109
3032	250
3033	45
3034	238
3035	202
3036	299
3037	11
3038	72
3039	88
3040	88
3041	275
3042	192
3043	263
3044	3
3045	176
3046	335
3047	298
3048	128
3049	181
3050	250
3051	92
3052	224
3053	158
3054	123
3055	172
3056	317
3057	149
3058	352
3059	181
3060	298
3061	241
3062	158
3063	130
3064	207
3065	299
3066	111
3067	51
3068	145
3069	301
3070	141
3071	233
3072	35
3073	280
3074	89
3075	207
3076	340
3077	141
3078	94
3079	171
3080	340
3081	188
3082	336
3083	177
3084	336
3085	117
3086	50
3087	280
3088	220
3089	7
3090	30
3091	211
3092	243
3093	31
3094	329
3095	37
3096	165
3097	84
3098	353
3099	88
3100	319
3101	78
3102	255
3103	243
3104	20
3105	215
3106	256
3107	277
3108	113
3109	196
3110	20
3111	304
3112	175
3113	326
3114	332
3115	332
3116	263
3117	325
3118	150
3119	228
3120	111
3121	332
3122	307
3123	348
3124	87
3125	299
3126	220
3127	329
3128	315
3129	44
3130	231
3131	2
3132	330
3133	230
3134	213
3135	324
3136	252
3137	241
3138	48
3139	86
3140	304
3141	262
3142	150
3143	227
3144	337
3145	303
3146	326
3147	181
3148	322
3149	141
3150	306
3151	240
3152	75
3153	224
3154	235
3155	129
3156	150
3157	343
3158	18
3159	343
3160	184
3161	194
3162	75
3163	22
3164	11
3165	215
3166	108
3167	274
3168	197
3169	224
3170	64
3171	164
3172	178
3173	107
3174	131
3175	241
3176	323
3177	338
3178	297
3179	304
3180	42
3181	219
3182	17
3183	112
3184	18
3185	251
3186	233
3187	324
3188	233
3189	310
3190	5
3191	268
3192	14
3193	92
3194	63
3195	227
3196	188
3197	262
3198	294
3199	238
3200	331
3201	79
3202	51
3203	267
3204	21
3205	65
3206	3
3207	297
3208	147
3209	253
3210	188
3211	264
3212	60
3213	185
3214	171
3215	245
3216	319
3217	123
3218	106
3219	150
3220	177
3221	215
3222	244
3223	306
3224	51
3225	51
3226	151
3227	266
3228	212
3229	34
3230	199
3231	330
3232	90
3233	156
3234	288
3235	322
3236	298
3237	210
3238	85
3239	353
3240	256
3241	177
3242	177
3243	177
3244	231
3245	35
3246	225
3247	225
3248	44
3249	42
3250	309
3251	193
3252	5
3253	293
3254	310
3255	228
3256	297
3257	227
3258	16
3259	27
3260	307
3261	76
3262	37
3263	251
3264	352
3265	35
3266	247
3267	195
3268	255
3269	194
3270	337
3271	250
3272	224
3273	319
3274	14
3275	68
3276	129
3277	75
3278	133
3279	15
3280	284
3281	47
3282	64
3283	313
3284	232
3285	12
3286	94
3287	20
3288	350
3289	172
3290	118
3291	69
3292	69
3293	302
3294	36
3295	304
3296	84
3297	344
3298	166
3299	352
3300	181
3301	179
3302	173
3303	270
3304	150
3305	179
3306	18
3307	125
3308	192
3309	177
3310	14
3311	313
3312	82
3313	271
3314	177
3315	34
3316	203
3317	203
3318	215
3319	99
3320	332
3321	40
3322	223
3323	0
3324	207
3325	331
3326	76
3327	35
3328	84
3329	203
3330	244
3331	354
3332	18
3333	188
3334	207
3335	111
3336	40
3337	342
3338	199
3339	335
3340	51
3341	5
3342	91
3343	91
3344	273
3345	327
3346	240
3347	85
3348	301
3349	18
3350	279
3351	150
3352	341
3353	213
3354	288
3355	141
3356	203
3357	225
3358	319
3359	239
3360	303
3361	309
3362	21
3363	332
3364	174
3365	111
3366	205
3367	50
3368	327
3369	4
3370	299
3371	215
3372	202
3373	172
3374	175
3375	272
3376	288
3377	185
3378	14
3379	163
3380	207
3381	203
3382	61
3383	61
3384	231
3385	332
3386	172
3387	20
3388	301
3389	236
3390	110
3391	328
3392	355
3393	145
3394	70
3395	163
3396	167
3397	284
3398	188
3399	173
3400	353
3401	149
3402	149
3403	327
3404	42
3405	190
3406	262
3407	194
3408	157
3409	1
3410	90
3411	262
3412	173
3413	176
3414	92
3415	163
3416	255
3417	200
3418	1
3419	25
3420	311
3421	257
3422	331
3423	302
3424	163
3425	245
3426	337
3427	49
3428	342
3429	20
3430	11
3431	313
3432	255
3433	246
3434	122
3435	10
3436	353
3437	223
3438	125
3439	179
3440	355
3441	354
3442	198
3443	147
3444	309
3445	350
3446	42
3447	302
3448	352
3449	62
3450	106
3451	33
3452	318
3453	215
3454	28
3455	232
3456	182
3457	20
3458	83
3459	74
3460	213
3461	221
3462	321
3463	239
3464	278
3465	206
3466	280
3467	13
3468	102
3469	28
3470	72
3471	51
3472	33
3473	280
3474	277
3475	327
3476	86
3477	21
3478	274
3479	33
3480	51
3481	138
3482	202
3483	353
3484	308
3485	14
3486	340
3487	188
3488	38
3489	354
3490	11
3491	336
3492	22
3493	233
3494	287
3495	273
3496	36
3497	33
3498	199
3499	293
3500	76
3501	87
3502	93
3503	197
3504	328
3505	282
3506	5
3507	271
3508	45
3509	5
3510	174
3511	344
3512	282
3513	232
3514	52
3515	338
3516	187
3517	171
3518	287
3519	195
3520	125
3521	76
3522	285
3523	61
3524	195
3525	218
3526	313
3527	28
3528	150
3529	332
3530	342
3531	302
3532	79
3533	180
3534	320
3535	76
3536	27
3537	1
3538	233
3539	288
3540	193
3541	140
3542	88
3543	15
3544	269
3545	280
3546	294
3547	243
3548	317
3549	18
3550	79
3551	90
3552	184
3553	268
3554	244
3555	63
3556	156
3557	20
3558	144
3559	111
3560	204
3561	281
3562	313
3563	299
3564	47
3565	73
3566	280
3567	268
3568	201
3569	18
3570	343
3571	69
3572	268
3573	18
3574	343
3575	121
3576	17
3577	239
3578	331
3579	60
3580	40
3581	215
3582	262
3583	85
3584	160
3585	140
3586	294
3587	268
3588	108
3589	308
3590	167
3591	166
3592	199
3593	96
3594	288
3595	293
3596	277
3597	79
3598	271
3599	319
3600	70
3601	282
3602	28
3603	45
3604	77
3605	185
3606	64
3607	301
3608	154
3609	154
3610	109
3611	21
3612	42
3613	343
3614	273
3615	68
3616	344
3617	298
3618	24
3619	280
3620	109
3621	68
3622	47
3623	273
3624	150
3625	305
3626	271
3627	302
3628	334
3629	283
3630	223
3631	194
3632	328
3633	21
3634	95
3635	356
3636	351
3637	86
3638	172
3639	95
3640	309
3641	303
3642	216
3643	174
3644	47
3645	230
3646	83
3647	109
3648	15
3649	206
3650	216
3651	323
3652	145
3653	220
3654	274
3655	318
3656	148
3657	143
3658	15
3659	189
3660	40
3661	74
3662	132
3663	11
3664	227
3665	138
3666	45
3667	313
3668	199
3669	277
3670	81
3671	327
3672	17
3673	1
3674	184
3675	84
3676	13
3677	141
3678	140
3679	46
3680	248
3681	141
3682	216
3683	8
3684	263
3685	247
3686	257
3687	280
3688	325
3689	197
3690	327
3691	118
3692	274
3693	33
3694	281
3695	178
3696	319
3697	156
3698	323
3699	233
3700	345
3701	207
3702	303
3703	306
3704	303
3705	22
3706	5
3707	351
3708	282
3709	172
3710	299
3711	302
3712	78
3713	243
3714	296
3715	1
3716	273
3717	68
3718	63
3719	94
3720	139
3721	30
3722	10
3723	280
3724	207
3725	220
3726	28
3727	239
3728	302
3729	223
3730	332
3731	15
3732	74
3733	11
3734	243
3735	260
3736	20
3737	352
3738	172
3739	91
3740	279
3741	84
3742	277
3743	10
3744	170
3745	163
3746	47
3747	242
3748	260
3749	233
3750	286
3751	44
3752	281
3753	43
3754	28
3755	336
3756	353
3757	358
3758	218
3759	286
3760	259
3761	337
3762	30
3763	286
3764	47
3765	131
3766	7
3767	257
3768	232
3769	93
3770	342
3771	179
3772	284
3773	287
3774	151
3775	198
3776	201
3777	138
3778	231
3779	90
3780	309
3781	280
3782	11
3783	158
3784	144
3785	164
3786	233
3787	69
3788	162
3789	251
3790	94
3791	260
3792	319
3793	202
3794	247
3795	330
3796	79
3797	324
3798	148
3799	261
3800	302
3801	82
3802	184
3803	11
3804	301
3805	342
3806	172
3807	1
3808	39
3809	68
3810	128
3811	74
3812	203
3813	75
3814	123
3815	148
3816	78
3817	225
3818	288
3819	324
3820	84
3821	185
3822	217
3823	113
3824	131
3825	308
3826	267
3827	70
3828	334
3829	189
3830	355
3831	308
3832	3
3833	33
3834	117
3835	129
3836	244
3837	78
3838	228
3839	344
3840	92
3841	173
3842	153
3843	232
3844	235
3845	141
3846	352
3847	319
3848	334
3849	340
3850	340
3851	253
3852	232
3853	279
3854	22
3855	70
3856	317
3857	79
3858	34
3859	141
3860	323
3861	68
3862	108
3863	284
3864	131
3865	123
3866	122
3867	135
3868	45
3869	244
3870	91
3871	14
3872	14
3873	189
3874	11
3875	245
3876	189
3877	318
3878	302
3879	228
3880	21
3881	230
3882	34
3883	89
3884	146
3885	302
3886	261
3887	205
3888	125
3889	112
3890	83
3891	252
3892	76
3893	102
3894	36
3895	144
3896	344
3897	288
3898	312
3899	218
3900	323
3901	38
3902	331
3903	274
3904	287
3905	293
3906	338
3907	79
3908	11
3909	335
3910	335
3911	286
3912	4
3913	187
3914	60
3915	60
3916	353
3917	67
3918	126
3919	323
3920	84
3921	113
3922	68
3923	326
3924	293
3925	28
3926	172
3927	301
3928	182
3929	229
3930	4
3931	51
3932	109
3933	32
3934	40
3935	326
3936	11
3937	224
3938	266
3939	172
3940	77
3941	173
3942	25
3943	217
3944	164
3945	152
3946	221
3947	233
3948	14
3949	184
3950	137
3951	321
3952	121
3953	76
3954	123
3955	129
3956	319
3957	81
3958	351
3959	61
3960	117
3961	90
3962	18
3963	50
3964	193
3965	193
3966	84
3967	111
3968	197
3969	15
3970	155
3971	257
3972	25
3973	343
3974	103
3975	107
3976	231
3977	189
3978	32
3979	45
3980	265
3981	299
3982	313
3983	172
3984	7
3985	20
3986	346
3987	8
3988	78
3989	30
3990	72
3991	178
3992	303
3993	260
3994	233
3995	352
3996	250
3997	301
3998	202
3999	286
4000	137
4001	273
4002	11
4003	151
4004	210
4005	199
4006	178
4007	233
4008	67
4009	354
4010	145
4011	63
4012	163
4013	47
4014	11
4015	60
4016	174
4017	67
4018	78
4019	328
4020	79
4021	163
4022	179
4023	355
4024	22
4025	188
4026	133
4027	305
4028	150
4029	227
4030	330
4031	175
4032	181
4033	208
4034	50
4035	300
4036	79
4037	2
4038	5
4039	90
4040	3
4041	131
4042	207
4043	94
4044	11
4045	308
4046	308
4047	94
4048	98
4049	62
4050	107
4051	43
4052	76
4053	215
4054	187
4055	13
4056	287
4057	326
4058	260
4059	47
4060	173
4061	243
4062	301
4063	48
4064	334
4065	230
4066	19
4067	68
4068	40
4069	322
4070	228
4071	262
4072	327
4073	129
4074	76
4075	113
4076	79
4077	7
4078	119
4079	34
4080	174
4081	233
4082	280
4083	66
4084	290
4085	18
4086	147
4087	172
4088	196
4089	141
4090	194
4091	162
4092	280
4093	156
4094	156
4095	156
4096	104
4097	232
4098	1
4099	66
4100	299
4101	309
4102	135
4103	2
4104	203
4105	119
4106	199
4107	161
4108	187
4109	31
4110	11
4111	301
4112	63
4113	216
4114	119
4115	51
4116	333
4117	157
4118	173
4119	326
4120	167
4121	151
4122	257
4123	172
4124	224
4125	13
4126	304
4127	156
4128	67
4129	340
4130	335
4131	67
4132	251
4133	38
4134	0
4135	52
4136	350
4137	239
4138	260
4139	287
4140	108
4141	356
4142	238
4143	76
4144	172
4145	213
4146	232
4147	54
4148	302
4149	222
4150	27
4151	11
4152	17
4153	167
4154	205
4155	321
4156	31
4157	126
4158	327
4159	25
4160	215
4161	42
4162	299
4163	144
4164	213
4165	45
4166	106
4167	20
4168	14
4169	177
4170	346
4171	300
4172	343
4173	193
4174	111
4175	334
4176	20
4177	305
4178	302
4179	349
4180	127
4181	119
4182	247
4183	163
4184	54
4185	356
4186	19
4187	84
4188	334
4189	349
4190	280
4191	145
4192	267
4193	294
4194	58
4195	267
4196	147
4197	47
4198	228
4199	220
4200	313
4201	40
4202	174
4203	177
4204	330
4205	332
4206	180
4207	69
4208	263
4209	216
4210	302
4211	232
4212	34
4213	233
4214	202
4215	207
4216	282
4217	353
4218	232
4219	225
4220	286
4221	220
4222	157
4223	174
4224	117
4225	259
4226	4
4227	307
4228	231
4229	17
4230	92
4231	256
4232	131
4233	109
4234	200
4235	150
4236	203
4237	335
4238	335
4239	33
4240	331
4241	90
4242	204
4243	187
4244	302
4245	95
4246	23
4247	259
4248	302
4249	120
4250	66
4251	353
4252	302
4253	40
4254	68
4255	57
4256	301
4257	304
4258	168
4259	172
4260	204
4261	60
4262	297
4263	284
4264	67
4265	197
4266	224
4267	159
4268	42
4269	280
4270	211
4271	33
4272	331
4273	305
4274	28
4275	312
4276	51
4277	93
4278	258
4279	16
4280	280
4281	155
4282	109
4283	329
4284	264
4285	145
4286	75
4287	337
4288	307
4289	163
4290	260
4291	286
4292	38
4293	314
4294	263
4295	67
4296	202
4297	156
4298	308
4299	91
4300	3
4301	322
4302	151
4303	228
4304	288
4305	203
4306	156
4307	267
4308	271
4309	288
4310	332
4311	191
4312	256
4313	20
4314	198
4315	301
4316	352
4317	11
4318	354
4319	156
4320	5
4321	287
4322	262
4323	232
4324	228
4325	5
4326	205
4327	319
4328	76
4329	231
4330	71
4331	193
4332	88
4333	253
4334	88
4335	125
4336	177
4337	334
4338	88
4339	298
4340	177
4341	49
4342	106
4343	222
4344	179
4345	326
4346	283
4347	324
4348	125
4349	271
4350	271
4351	177
4352	253
4353	131
4354	132
4355	334
4356	117
4357	299
4358	123
4359	326
4360	11
4361	218
4362	226
4363	135
4364	218
4365	207
4366	93
4367	40
4368	14
4369	177
4370	18
4371	271
4372	5
4373	280
4374	215
4375	207
4376	117
4377	136
4378	323
4379	114
4380	227
4381	61
4382	310
4383	88
4384	305
4385	347
4386	141
4387	346
4388	287
4389	247
4390	139
4391	51
4392	313
4393	322
4394	163
4395	222
4396	5
4397	262
4398	108
4399	119
4400	225
4401	239
4402	319
4403	53
4404	280
4405	328
4406	54
4407	304
4408	81
4409	1
4410	297
4411	238
4412	256
4413	181
4414	54
4415	301
4416	61
4417	90
4418	71
4419	355
4420	131
4421	116
4422	145
4423	329
4424	69
4425	354
4426	61
4427	52
4428	264
4429	264
4430	94
4431	271
4432	225
4433	56
4434	54
4435	209
4436	64
4437	218
4438	252
4439	353
4440	11
4441	215
4442	54
4443	256
4444	11
4445	46
4446	187
4447	157
4448	262
4449	53
4450	259
4451	85
4452	93
4453	90
4454	214
4455	201
4456	196
4457	88
4458	334
4459	180
4460	280
4461	262
4462	259
4463	349
4464	334
4465	66
4466	24
4467	42
4468	120
4469	233
4470	108
4471	51
4472	216
4473	190
4474	111
4475	172
4476	48
4477	71
4478	208
4479	239
4480	102
4481	315
4482	10
4483	98
4484	11
4485	91
4486	1
4487	344
4488	318
4489	11
4490	17
4491	176
4492	82
4493	85
4494	222
4495	230
4496	180
4497	304
4498	38
4499	135
4500	163
4501	44
4502	331
4503	84
4504	4
4505	224
4506	299
4507	196
4508	26
4509	349
4510	41
4511	302
4512	64
4513	66
4514	54
4515	21
4516	172
4517	255
4518	99
4519	40
4520	48
4521	317
4522	117
4523	257
4524	23
4525	94
4526	5
4527	290
4528	283
4529	119
4530	163
4531	54
4532	11
4533	80
4534	78
4535	302
4536	280
4537	149
4538	234
4539	185
4540	262
4541	187
4542	122
4543	10
4544	259
4545	119
4546	330
4547	336
4548	321
4549	352
4550	161
4551	320
4552	283
4553	228
4554	218
4555	355
4556	139
4557	298
4558	215
4559	15
4560	132
4561	147
4562	285
4563	109
4564	206
4565	319
4566	86
4567	226
4568	334
4569	86
4570	20
4571	280
4572	11
4573	83
4574	79
4575	86
4576	299
4577	334
4578	317
4579	86
4580	207
4581	355
4582	207
4583	187
4584	71
4585	98
4586	88
4587	54
4588	60
4589	249
4590	28
4591	37
4592	35
4593	308
4594	269
4595	69
4596	63
4597	1
4598	205
4599	125
4600	177
4601	125
4602	196
4603	40
4604	225
4605	225
4606	282
4607	326
4608	5
4609	251
4610	49
4611	172
4612	11
4613	302
4614	79
4615	163
4616	147
4617	232
4618	280
4619	255
4620	96
4621	304
4622	167
4623	74
4624	71
4625	295
4626	133
4627	156
4628	215
4629	308
4630	349
4631	308
4632	66
4633	262
4634	42
4635	1
4636	261
4637	150
4638	270
4639	135
4640	355
4641	147
4642	322
4643	212
4644	240
4645	138
4646	225
4647	93
4648	334
4649	33
4650	177
4651	267
4652	216
4653	228
4654	329
4655	164
4656	309
4657	33
4658	1
4659	344
4660	79
4661	231
4662	9
4663	108
4664	190
4665	5
4666	282
4667	1
4668	71
4669	329
4670	39
4671	173
4672	24
4673	193
4674	247
4675	3
4676	42
4677	28
4678	101
4679	71
4680	335
4681	244
4682	76
4683	66
4684	163
4685	332
4686	251
4687	118
4688	1
4689	232
4690	303
4691	112
4692	163
4693	104
4694	69
4695	179
4696	277
4697	161
4698	145
4699	192
4700	66
4701	124
4702	347
4703	206
4704	47
4705	347
4706	15
4707	33
4708	72
4709	67
4710	329
4711	347
4712	299
4713	155
4714	67
4715	33
4716	52
4717	191
4718	284
4719	347
4720	233
4721	185
4722	31
4723	156
4724	233
4725	187
4726	67
4727	300
4728	180
4729	239
4730	231
4731	156
4732	130
4733	281
4734	310
4735	224
4736	120
4737	54
4738	174
4739	83
4740	328
4741	21
4742	282
4743	203
4744	349
4745	156
4746	117
4747	109
4748	33
4749	24
4750	112
4751	208
4752	316
4753	28
4754	316
4755	316
4756	11
4757	250
4758	262
4759	15
4760	139
4761	48
4762	173
4763	302
4764	29
4765	71
4766	119
4767	30
4768	133
4769	331
4770	192
4771	126
4772	305
4773	106
4774	199
4775	298
4776	151
4777	141
4778	15
4779	54
4780	168
4781	303
4782	335
4783	265
4784	11
4785	328
4786	190
4787	89
4788	353
4789	14
4790	286
4791	216
4792	203
4793	203
4794	84
4795	264
4796	242
4797	193
4798	71
4799	93
4800	111
4801	162
4802	70
4803	262
4804	103
4805	241
4806	333
4807	312
4808	38
4809	69
4810	34
4811	125
4812	172
4813	47
4814	339
4815	172
4816	34
4817	338
4818	40
4819	5
4820	85
4821	239
4822	298
4823	219
4824	34
4825	151
4826	86
4827	352
4828	109
4829	266
4830	76
4831	349
4832	339
4833	272
4834	234
4835	303
4836	0
4837	217
4838	351
4839	347
4840	59
4841	148
4842	69
4843	228
4844	151
4845	7
4846	34
4847	55
4848	113
4849	194
4850	299
4851	166
4852	331
4853	151
4854	16
4855	219
4856	167
4857	76
4858	36
4859	64
4860	202
4861	163
4862	292
4863	210
4864	270
4865	313
4866	79
4867	199
4868	62
4869	231
4870	124
4871	117
4872	87
4873	21
4874	142
4875	336
4876	171
4877	9
4878	348
4879	137
4880	199
4881	200
4882	291
4883	71
4884	127
4885	142
4886	66
4887	172
4888	101
4889	131
4890	240
4891	355
4892	286
4893	197
4894	11
4895	204
4896	311
4897	234
4898	305
4899	302
4900	351
4901	220
4902	33
4903	23
4904	167
4905	355
4906	20
4907	287
4908	10
4909	34
4910	336
4911	38
4912	142
4913	32
4914	126
4915	336
4916	28
4917	233
4918	291
4919	272
4920	306
4921	270
4922	34
4923	347
4924	179
4925	208
4926	67
4927	178
4928	258
4929	35
4930	241
4931	142
4932	11
4933	293
4934	350
4935	347
4936	69
4937	34
4938	347
4939	178
4940	178
4941	67
4942	342
4943	71
4944	9
4945	239
4946	15
4947	299
4948	193
4949	34
4950	163
4951	304
4952	280
4953	34
4954	197
4955	142
4956	208
4957	11
4958	347
4959	71
4960	316
4961	60
4962	142
4963	25
4964	318
4965	79
4966	62
4967	119
4968	217
4969	91
4970	287
4971	118
4972	316
4973	156
4974	136
4975	92
4976	188
4977	274
4978	259
4979	24
4980	333
4981	155
4982	34
4983	203
4984	315
4985	176
4986	299
4987	340
4988	11
4989	50
4990	67
4991	64
4992	176
4993	139
4994	60
4995	9
4996	9
4997	86
4998	258
4999	151
5000	105
5001	286
5002	111
5003	262
5004	9
5005	89
5006	183
5007	63
5008	334
5009	334
5010	286
5011	291
5012	302
5013	86
5014	226
5015	142
5016	196
5017	241
5018	237
5019	302
5020	303
5021	273
5022	21
5023	166
5024	216
5025	222
5026	282
5027	271
5028	284
5029	34
5030	201
5031	72
5032	55
5033	71
5034	347
5035	330
5036	299
5037	174
5038	224
5039	30
5040	177
5041	178
5042	63
5043	214
5044	69
5045	191
5046	3
5047	1
5048	67
5049	9
5050	207
5051	42
5052	203
5053	347
5054	286
5055	347
5056	214
5057	62
5058	17
5059	242
5060	242
5061	33
5062	20
5063	195
5064	347
5065	79
5066	302
5067	179
5068	336
5069	48
5070	271
5071	187
5072	82
5073	92
5074	3
5075	79
5076	34
5077	262
5078	45
5079	159
5080	194
5081	60
5082	51
5083	201
5084	127
5085	1
5086	294
5087	249
5088	181
5089	130
5090	9
5091	24
5092	187
5093	215
