# node_id  community_id
0	0
1	1
2	2
3	3
4	4
5	5
6	6
7	6
8	6
9	7
10	7
11	8
12	9
13	9
14	10
15	9
16	10
17	10
18	11
19	11
20	11
21	5
22	12
23	13
24	13
25	14
26	8
27	5
28	15
29	11
30	16
31	17
32	17
33	18
34	18
35	18
36	19
37	19
38	19
39	19
40	18
41	14
42	14
43	8
44	20
45	20
46	20
47	20
48	16
49	12
50	7
51	5
52	21
53	13
54	10
55	4
56	21
57	15
58	14
59	14
60	17
61	7
62	17
63	22
64	22
65	22
66	23
67	24
68	22
69	23
70	24
71	25
72	26
73	13
74	15
75	16
76	25
77	25
78	27
79	27
80	27
81	12
82	15
83	28
84	13
85	12
86	25
87	4
88	4
89	4
90	4
91	13
92	17
93	8
94	8
95	26
96	21
97	18
98	15
99	15
100	15
101	16
102	16
103	11
104	17
105	23
106	16
107	4
108	24
109	10
110	25
111	21
112	26
113	26
114	7
115	7
116	24
117	24
118	24
119	21
120	5
121	16
122	16
123	16
124	17
125	8
126	26
127	26
128	26
129	26
130	11
131	8
132	13
133	12
134	17
135	15
136	17
137	25
138	8
139	8
140	16
141	18
142	18
143	18
144	21
145	5
146	17
147	10
148	21
149	21
150	8
151	18
152	21
153	17
154	17
155	17
156	17
157	17
158	17
159	17
160	11
161	5
162	8
163	8
164	8
165	8
166	5
167	14
168	25
169	25
170	25
171	20
172	4
173	17
174	17
175	21
176	5
177	4
178	4
179	21
180	4
181	14
182	27
183	27
184	27
185	25
186	16
187	25
188	7
189	17
190	11
191	8
192	21
193	17
194	5
195	4
196	5
197	21
198	21
199	21
200	21
201	21
202	18
203	8
204	4
205	7
206	21
207	24
208	8
209	7
210	29
211	29
212	29
213	29
214	26
215	26
216	25
217	28
218	28
219	25
220	28
221	28
222	17
223	25
224	25
225	25
226	25
227	25
228	25
229	25
230	25
231	13
232	17
233	18
234	18
235	26
236	15
237	15
238	30
239	31
240	31
241	32
242	32
243	33
244	34
245	35
246	36
247	35
248	37
249	37
250	37
251	30
252	30
253	38
254	31
255	31
256	37
257	37
258	31
259	37
260	39
261	39
262	40
263	41
264	42
265	43
266	39
267	39
268	43
269	43
270	44
271	44
272	44
273	44
274	44
275	44
276	32
277	33
278	34
279	37
280	37
281	42
282	37
283	32
284	32
285	31
286	32
287	32
288	45
289	30
290	45
291	46
292	46
293	34
294	43
295	37
296	32
297	43
298	34
299	31
300	43
301	37
302	37
303	31
304	37
305	37
306	31
307	31
308	43
309	47
310	37
311	40
312	37
313	37
314	33
315	33
316	31
317	45
318	45
319	30
320	30
321	38
322	30
323	43
324	46
325	46
326	33
327	48
328	48
329	35
330	35
331	43
332	33
333	31
334	42
335	34
336	45
337	31
338	45
339	45
340	43
341	43
342	33
343	33
344	40
345	40
346	43
347	49
348	49
349	39
350	39
351	32
352	49
353	33
354	31
355	33
356	33
357	35
358	47
359	34
360	37
361	34
362	46
363	32
364	32
365	32
366	32
367	30
368	37
369	39
370	30
371	36
372	44
373	34
374	33
375	36
376	30
377	35
378	36
379	48
380	43
381	37
382	39
383	50
384	51
385	50
386	50
387	50
388	52
389	53
390	54
391	54
392	54
393	51
394	54
395	0
396	55
397	55
398	55
399	55
400	55
401	54
402	54
403	54
404	54
405	54
406	54
407	0
408	0
409	54
410	54
411	54
412	54
413	50
414	52
415	50
416	52
417	52
418	0
419	0
420	0
421	0
422	56
423	54
424	52
425	52
426	51
427	51
428	50
429	50
430	52
431	54
432	54
433	54
434	57
435	57
436	54
437	53
438	54
439	54
440	52
441	52
442	52
443	52
444	52
445	50
446	50
447	51
448	0
449	0
450	52
451	0
452	50
453	0
454	50
455	50
456	0
457	54
458	57
459	50
460	54
461	57
462	50
463	0
464	52
465	0
466	52
467	0
468	52
469	52
470	50
471	54
472	54
473	54
474	58
475	59
476	60
477	60
478	60
479	60
480	60
481	58
482	60
483	60
484	60
485	60
486	60
487	58
488	61
489	60
490	62
491	58
492	60
493	60
494	60
495	60
496	60
497	60
498	60
499	26
500	63
501	63
502	63
503	63
504	63
505	63
506	64
507	64
508	64
509	65
510	64
511	66
512	66
513	66
514	67
515	68
516	68
517	68
518	68
519	68
520	68
521	69
522	24
523	63
524	63
525	70
526	71
527	71
528	70
529	70
530	70
531	70
532	63
533	63
534	66
535	72
536	72
537	72
538	66
539	64
540	64
541	64
542	64
543	64
544	64
545	64
546	72
547	63
548	63
549	63
550	66
551	66
552	63
553	63
554	72
555	63
556	63
557	72
558	72
559	72
560	64
561	64
562	72
563	72
564	63
565	64
566	64
567	63
568	63
569	64
570	24
571	65
572	65
573	63
574	72
575	73
576	74
577	75
578	75
579	76
580	77
581	78
582	74
583	74
584	79
585	78
586	80
587	80
588	81
589	82
590	82
591	82
592	83
593	83
594	75
595	75
596	75
597	81
598	81
599	81
600	81
601	81
602	81
603	84
604	84
605	84
606	84
607	85
608	85
609	85
610	85
611	85
612	74
613	74
614	78
615	86
616	86
617	87
618	87
619	78
620	81
621	86
622	86
623	88
624	88
625	74
626	78
627	75
628	75
629	83
630	83
631	87
632	87
633	87
634	87
635	78
636	78
637	89
638	86
639	86
640	74
641	74
642	84
643	90
644	90
645	91
646	91
647	90
648	90
649	77
650	77
651	86
652	79
653	86
654	88
655	88
656	84
657	84
658	84
659	73
660	73
661	92
662	92
663	76
664	76
665	93
666	93
667	79
668	87
669	80
670	91
671	89
672	94
673	94
674	94
675	78
676	78
677	77
678	80
679	80
680	79
681	86
682	79
683	79
684	86
685	86
686	90
687	90
688	95
689	95
690	92
691	92
692	93
693	79
694	93
695	93
696	83
697	83
698	96
699	96
700	76
701	76
702	76
703	80
704	91
705	75
706	97
707	97
708	86
709	97
710	97
711	84
712	84
713	89
714	89
715	77
716	77
717	87
718	87
719	77
720	77
721	98
722	98
723	98
724	77
725	77
726	79
727	77
728	96
729	96
730	73
731	95
732	95
733	99
734	99
735	99
736	99
737	93
738	93
739	100
740	100
741	101
742	102
743	102
744	101
745	102
746	101
747	102
748	100
749	100
750	100
751	100
752	100
753	100
754	103
755	100
756	100
757	100
758	104
759	102
760	102
761	102
762	102
763	102
764	105
765	103
766	103
767	106
768	104
769	104
770	106
771	106
772	104
773	106
774	105
775	100
776	106
777	102
778	102
779	102
780	102
781	102
782	103
783	103
784	102
785	106
786	106
787	103
788	102
789	102
790	53
791	103
792	107
793	107
794	107
795	108
796	108
797	106
798	102
799	102
800	107
801	107
802	101
803	103
804	107
805	100
806	103
807	103
808	108
809	108
810	108
811	108
812	104
813	104
814	102
815	101
816	101
817	105
818	105
819	105
820	105
821	103
822	108
823	104
824	104
825	109
826	67
827	110
828	110
829	67
830	111
831	69
832	69
833	112
834	112
835	113
836	113
837	110
838	110
839	110
840	110
841	24
842	24
843	112
844	109
845	110
846	109
847	114
848	114
849	115
850	112
851	112
852	110
853	110
854	112
855	112
856	112
857	110
858	110
859	112
860	112
861	112
862	112
863	112
864	112
865	109
866	112
867	69
868	69
869	69
870	109
871	110
872	110
873	110
874	110
875	116
876	116
877	110
878	110
879	114
880	109
881	112
882	110
883	112
884	109
885	110
886	114
887	114
888	114
889	114
890	110
891	112
892	113
893	116
894	116
895	69
896	113
897	110
898	112
899	69
900	109
901	110
902	110
903	110
904	69
905	69
906	69
907	115
908	115
909	115
910	69
911	114
912	117
913	117
914	117
915	118
916	118
917	117
918	118
919	69
920	69
921	119
922	119
923	119
924	119
925	119
926	119
927	119
928	110
929	110
930	110
931	110
932	69
933	120
934	121
935	121
936	122
937	123
938	123
939	124
940	124
941	122
942	122
943	125
944	125
945	125
946	122
947	122
948	126
949	126
950	126
951	126
952	123
953	123
954	123
955	123
956	124
957	124
958	120
959	120
960	27
961	23
962	126
963	127
964	126
965	128
966	128
967	27
968	27
969	121
970	126
971	126
972	128
973	128
974	123
975	127
976	126
977	129
978	126
979	22
980	22
981	23
982	23
983	123
984	124
985	124
986	127
987	27
988	27
989	27
990	122
991	127
992	129
993	120
994	122
995	125
996	120
997	27
998	129
999	122
1000	126
1001	120
1002	120
1003	125
1004	125
1005	120
1006	27
1007	120
1008	120
1009	120
1010	127
1011	127
1012	127
1013	127
1014	120
1015	124
1016	124
1017	124
1018	123
1019	123
1020	128
1021	128
1022	123
1023	123
1024	123
1025	126
1026	126
1027	126
1028	125
1029	23
1030	23
1031	123
1032	123
1033	23
1034	126
1035	120
1036	22
1037	120
1038	23
1039	23
1040	23
1041	127
1042	127
1043	126
1044	127
1045	125
1046	123
1047	129
1048	126
1049	120
1050	123
1051	124
1052	123
1053	120
1054	127
1055	23
1056	127
1057	27
1058	125
1059	123
1060	130
1061	130
1062	130
1063	131
1064	132
1065	132
1066	133
1067	134
1068	134
1069	135
1070	135
1071	136
1072	137
1073	137
1074	138
1075	139
1076	138
1077	140
1078	137
1079	137
1080	139
1081	135
1082	141
1083	142
1084	140
1085	143
1086	143
1087	143
1088	143
1089	144
1090	145
1091	132
1092	107
1093	146
1094	146
1095	146
1096	108
1097	108
1098	147
1099	147
1100	148
1101	148
1102	149
1103	150
1104	151
1105	152
1106	153
1107	137
1108	145
1109	154
1110	137
1111	137
1112	155
1113	134
1114	156
1115	134
1116	134
1117	151
1118	132
1119	132
1120	131
1121	157
1122	157
1123	137
1124	108
1125	51
1126	143
1127	143
1128	143
1129	158
1130	135
1131	137
1132	159
1133	153
1134	138
1135	159
1136	160
1137	137
1138	160
1139	160
1140	161
1141	162
1142	162
1143	150
1144	163
1145	152
1146	164
1147	151
1148	164
1149	157
1150	157
1151	148
1152	165
1153	153
1154	135
1155	107
1156	107
1157	56
1158	139
1159	138
1160	131
1161	107
1162	166
1163	157
1164	148
1165	145
1166	132
1167	164
1168	132
1169	165
1170	165
1171	165
1172	167
1173	165
1174	166
1175	61
1176	132
1177	146
1178	31
1179	152
1180	153
1181	168
1182	169
1183	61
1184	166
1185	150
1186	163
1187	158
1188	170
1189	170
1190	169
1191	137
1192	137
1193	147
1194	171
1195	172
1196	135
1197	135
1198	138
1199	173
1200	173
1201	61
1202	168
1203	168
1204	107
1205	168
1206	174
1207	151
1208	175
1209	61
1210	148
1211	148
1212	139
1213	139
1214	107
1215	138
1216	138
1217	139
1218	176
1219	177
1220	143
1221	107
1222	163
1223	143
1224	140
1225	140
1226	158
1227	107
1228	107
1229	163
1230	107
1231	107
1232	178
1233	170
1234	170
1235	153
1236	153
1237	153
1238	178
1239	178
1240	145
1241	166
1242	153
1243	137
1244	137
1245	171
1246	137
1247	176
1248	153
1249	153
1250	107
1251	143
1252	173
1253	107
1254	163
1255	147
1256	153
1257	107
1258	107
1259	107
1260	107
1261	140
1262	140
1263	140
1264	140
1265	146
1266	137
1267	137
1268	179
1269	135
1270	131
1271	131
1272	180
1273	180
1274	180
1275	157
1276	148
1277	148
1278	148
1279	148
1280	137
1281	137
1282	157
1283	157
1284	162
1285	108
1286	181
1287	156
1288	156
1289	156
1290	168
1291	153
1292	107
1293	182
1294	182
1295	142
1296	173
1297	173
1298	169
1299	169
1300	181
1301	161
1302	169
1303	182
1304	182
1305	137
1306	137
1307	136
1308	137
1309	61
1310	164
1311	144
1312	144
1313	137
1314	177
1315	183
1316	61
1317	153
1318	184
1319	184
1320	139
1321	171
1322	138
1323	153
1324	153
1325	56
1326	56
1327	137
1328	56
1329	178
1330	137
1331	131
1332	161
1333	139
1334	139
1335	148
1336	145
1337	145
1338	149
1339	151
1340	164
1341	151
1342	168
1343	173
1344	161
1345	161
1346	139
1347	151
1348	173
1349	173
1350	168
1351	145
1352	148
1353	107
1354	107
1355	166
1356	148
1357	148
1358	162
1359	174
1360	154
1361	180
1362	180
1363	154
1364	168
1365	137
1366	147
1367	143
1368	134
1369	134
1370	154
1371	185
1372	186
1373	137
1374	186
1375	187
1376	187
1377	137
1378	108
1379	108
1380	188
1381	137
1382	137
1383	137
1384	176
1385	176
1386	146
1387	146
1388	143
1389	163
1390	139
1391	139
1392	173
1393	137
1394	138
1395	139
1396	139
1397	137
1398	169
1399	143
1400	143
1401	143
1402	107
1403	165
1404	137
1405	153
1406	153
1407	177
1408	147
1409	168
1410	134
1411	171
1412	171
1413	139
1414	138
1415	189
1416	138
1417	177
1418	134
1419	134
1420	143
1421	187
1422	187
1423	187
1424	56
1425	139
1426	173
1427	168
1428	132
1429	132
1430	137
1431	137
1432	140
1433	137
1434	150
1435	148
1436	151
1437	156
1438	139
1439	139
1440	139
1441	175
1442	150
1443	137
1444	130
1445	130
1446	144
1447	144
1448	151
1449	168
1450	180
1451	186
1452	164
1453	134
1454	134
1455	134
1456	134
1457	134
1458	184
1459	137
1460	151
1461	151
1462	151
1463	151
1464	148
1465	148
1466	148
1467	61
1468	165
1469	158
1470	168
1471	154
1472	179
1473	148
1474	162
1475	162
1476	137
1477	163
1478	163
1479	134
1480	134
1481	63
1482	63
1483	178
1484	165
1485	165
1486	165
1487	165
1488	107
1489	148
1490	147
1491	152
1492	135
1493	135
1494	190
1495	154
1496	145
1497	135
1498	134
1499	153
1500	137
1501	107
1502	188
1503	142
1504	132
1505	171
1506	138
1507	164
1508	168
1509	141
1510	141
1511	140
1512	138
1513	138
1514	138
1515	138
1516	147
1517	166
1518	166
1519	172
1520	172
1521	172
1522	189
1523	190
1524	163
1525	132
1526	162
1527	139
1528	147
1529	139
1530	148
1531	165
1532	169
1533	148
1534	159
1535	134
1536	148
1537	190
1538	185
1539	185
1540	164
1541	164
1542	154
1543	134
1544	150
1545	191
1546	136
1547	150
1548	150
1549	134
1550	150
1551	153
1552	134
1553	136
1554	191
1555	153
1556	151
1557	165
1558	148
1559	139
1560	181
1561	153
1562	169
1563	177
1564	154
1565	135
1566	192
1567	192
1568	192
1569	180
1570	147
1571	141
1572	191
1573	149
1574	149
1575	191
1576	108
1577	153
1578	193
1579	155
1580	56
1581	155
1582	155
1583	194
1584	195
1585	150
1586	180
1587	174
1588	174
1589	195
1590	196
1591	150
1592	157
1593	108
1594	140
1595	150
1596	197
1597	134
1598	134
1599	195
1600	153
1601	149
1602	186
1603	134
1604	181
1605	159
1606	193
1607	181
1608	134
1609	153
1610	138
1611	198
1612	181
1613	154
1614	165
1615	136
1616	130
1617	199
1618	147
1619	161
1620	199
1621	152
1622	150
1623	149
1624	143
1625	131
1626	180
1627	181
1628	145
1629	173
1630	145
1631	139
1632	163
1633	134
1634	131
1635	152
1636	200
1637	200
1638	150
1639	131
1640	177
1641	166
1642	177
1643	179
1644	154
1645	193
1646	132
1647	140
1648	181
1649	165
1650	145
1651	201
1652	153
1653	191
1654	165
1655	176
1656	176
1657	155
1658	197
1659	136
1660	56
1661	186
1662	150
1663	145
1664	181
1665	191
1666	152
1667	152
1668	191
1669	191
1670	191
1671	183
1672	183
1673	176
1674	181
1675	148
1676	147
1677	147
1678	171
1679	195
1680	186
1681	174
1682	154
1683	140
1684	162
1685	191
1686	134
1687	176
1688	176
1689	177
1690	153
1691	194
1692	150
1693	190
1694	147
1695	147
1696	157
1697	190
1698	179
1699	179
1700	199
1701	157
1702	180
1703	152
1704	201
1705	174
1706	148
1707	202
1708	150
1709	158
1710	135
1711	177
1712	165
1713	140
1714	203
1715	181
1716	196
1717	151
1718	152
1719	174
1720	191
1721	150
1722	150
1723	153
1724	201
1725	153
1726	204
1727	140
1728	141
1729	145
1730	153
1731	147
1732	179
1733	150
1734	186
1735	162
1736	56
1737	200
1738	200
1739	203
1740	191
1741	205
1742	193
1743	193
1744	158
1745	150
1746	140
1747	165
1748	165
1749	56
1750	141
1751	154
1752	165
1753	151
1754	191
1755	204
1756	194
1757	154
1758	134
1759	134
1760	198
1761	139
1762	147
1763	153
1764	155
1765	162
1766	177
1767	177
1768	191
1769	191
1770	139
1771	197
1772	191
1773	181
1774	107
1775	154
1776	179
1777	174
1778	140
1779	153
1780	152
1781	181
1782	134
1783	156
1784	56
1785	203
1786	190
1787	177
1788	145
1789	183
1790	191
1791	205
1792	205
1793	205
1794	175
1795	201
1796	201
1797	201
1798	147
1799	140
1800	181
1801	156
1802	186
1803	153
1804	177
1805	169
1806	154
1807	181
1808	191
1809	131
1810	153
1811	139
1812	136
1813	134
1814	61
1815	190
1816	183
1817	206
1818	138
1819	153
1820	159
1821	56
1822	56
1823	134
1824	200
1825	132
1826	136
1827	56
1828	134
1829	202
1830	135
1831	149
1832	150
1833	191
1834	130
1835	162
1836	184
1837	156
1838	149
1839	191
1840	191
1841	152
1842	151
1843	140
1844	189
1845	169
1846	165
1847	154
1848	153
1849	174
1850	186
1851	136
1852	143
1853	145
1854	196
1855	195
1856	195
1857	177
1858	190
1859	107
1860	168
1861	153
1862	191
1863	156
1864	132
1865	148
1866	174
1867	174
1868	188
1869	150
1870	158
1871	179
1872	179
1873	179
1874	162
1875	174
1876	168
1877	153
1878	191
1879	153
1880	153
1881	141
1882	161
1883	165
1884	139
1885	56
1886	179
1887	165
1888	136
1889	196
1890	191
1891	173
1892	173
1893	188
1894	176
1895	176
1896	177
1897	176
1898	198
1899	197
1900	133
1901	133
1902	153
1903	134
1904	165
1905	139
1906	147
1907	190
1908	148
1909	154
1910	203
1911	131
1912	177
1913	153
1914	147
1915	191
1916	140
1917	188
1918	194
1919	154
1920	61
1921	177
1922	186
1923	56
1924	56
1925	147
1926	162
1927	204
1928	180
1929	154
1930	150
1931	150
1932	156
1933	156
1934	156
1935	156
1936	176
1937	176
1938	154
1939	162
1940	162
1941	147
1942	135
1943	188
1944	156
1945	153
1946	190
1947	152
1948	152
1949	163
1950	154
1951	195
1952	184
1953	207
1954	165
1955	152
1956	131
1957	191
1958	197
1959	145
1960	197
1961	179
1962	179
1963	179
1964	134
1965	202
1966	202
1967	147
1968	147
1969	134
1970	134
1971	107
1972	149
1973	208
1974	137
1975	153
1976	201
1977	204
1978	203
1979	203
1980	147
1981	140
1982	135
1983	147
1984	152
1985	193
1986	135
1987	56
1988	190
1989	174
1990	134
1991	107
1992	107
1993	153
1994	153
1995	153
1996	156
1997	145
1998	134
1999	188
2000	195
2001	186
2002	130
2003	180
2004	131
2005	208
2006	134
2007	148
2008	165
2009	208
2010	208
2011	134
2012	195
2013	183
2014	149
2015	145
2016	139
2017	145
2018	145
2019	202
2020	56
2021	108
2022	138
2023	190
2024	205
2025	205
2026	188
2027	162
2028	136
2029	179
2030	188
2031	190
2032	190
2033	190
2034	202
2035	154
2036	144
2037	174
2038	197
2039	191
2040	191
2041	190
2042	162
2043	159
2044	174
2045	174
2046	56
2047	56
2048	157
2049	156
2050	163
2051	204
2052	191
2053	149
2054	186
2055	151
2056	207
2057	136
2058	149
2059	136
2060	136
2061	151
2062	148
2063	151
2064	151
2065	153
2066	207
2067	179
2068	165
2069	132
2070	151
2071	209
2072	151
2073	151
2074	151
2075	163
2076	148
2077	144
2078	197
2079	151
2080	204
2081	151
2082	210
2083	210
2084	210
2085	210
2086	168
2087	194
2088	198
2089	179
2090	151
2091	146
2092	131
2093	191
2094	151
2095	151
2096	146
2097	153
2098	153
2099	149
2100	158
2101	151
2102	149
2103	165
2104	108
2105	151
2106	149
2107	151
2108	151
2109	108
2110	134
2111	181
2112	168
2113	134
2114	186
2115	149
2116	156
2117	179
2118	186
2119	186
2120	148
2121	207
2122	151
2123	151
2124	151
2125	151
2126	147
2127	149
2128	179
2129	179
2130	179
2131	165
2132	165
2133	149
2134	151
2135	146
2136	189
2137	207
2138	61
2139	148
2140	207
2141	108
2142	191
2143	207
2144	151
2145	165
2146	149
2147	149
2148	153
2149	206
2150	206
2151	186
2152	193
2153	179
2154	149
2155	149
2156	189
2157	165
2158	169
2159	146
2160	193
2161	193
2162	193
2163	181
2164	168
2165	209
2166	209
2167	176
2168	146
2169	146
2170	146
2171	144
2172	144
2173	154
2174	203
2175	203
2176	148
2177	180
2178	180
2179	148
2180	167
2181	167
2182	179
2183	165
2184	148
2185	61
2186	207
2187	207
2188	154
2189	148
2190	146
2191	144
2192	144
2193	139
2194	140
2195	144
2196	149
2197	179
2198	61
2199	148
2200	148
2201	148
2202	138
2203	148
2204	148
2205	211
2206	212
2207	101
2208	213
2209	214
2210	211
2211	211
2212	211
2213	211
2214	215
2215	216
2216	216
2217	216
2218	216
2219	213
2220	217
2221	218
2222	217
2223	217
2224	217
2225	216
2226	219
2227	216
2228	219
2229	217
2230	216
2231	216
2232	218
2233	214
2234	219
2235	220
2236	215
2237	215
2238	215
2239	221
2240	217
2241	216
2242	216
2243	222
2244	213
2245	215
2246	223
2247	224
2248	216
2249	216
2250	216
2251	216
2252	216
2253	216
2254	224
2255	223
2256	224
2257	53
2258	225
2259	225
2260	225
2261	218
2262	225
2263	216
2264	53
2265	215
2266	100
2267	226
2268	226
2269	226
2270	226
2271	226
2272	227
2273	228
2274	228
2275	228
2276	229
2277	229
2278	217
2279	214
2280	53
2281	224
2282	53
2283	53
2284	53
2285	221
2286	53
2287	227
2288	216
2289	212
2290	229
2291	215
2292	223
2293	224
2294	212
2295	218
2296	220
2297	220
2298	220
2299	228
2300	228
2301	53
2302	53
2303	224
2304	53
2305	214
2306	216
2307	50
2308	223
2309	220
2310	214
2311	216
2312	215
2313	221
2314	216
2315	215
2316	216
2317	216
2318	223
2319	217
2320	217
2321	217
2322	217
2323	217
2324	217
2325	222
2326	223
2327	223
2328	220
2329	223
2330	50
2331	221
2332	213
2333	226
2334	227
2335	222
2336	224
2337	216
2338	224
2339	223
2340	219
2341	212
2342	219
2343	220
2344	23
2345	216
2346	216
2347	216
2348	224
2349	222
2350	222
2351	215
2352	223
2353	223
2354	53
2355	216
2356	218
2357	216
2358	222
2359	216
2360	219
2361	214
2362	219
2363	219
2364	215
2365	8
2366	217
2367	224
2368	229
2369	220
2370	216
2371	222
2372	53
2373	213
2374	224
2375	224
2376	218
2377	229
2378	224
2379	224
2380	223
2381	226
2382	212
2383	220
2384	212
2385	212
2386	224
2387	216
2388	223
2389	229
2390	212
2391	221
2392	221
2393	221
2394	221
2395	212
2396	215
2397	213
2398	213
2399	213
2400	213
2401	219
2402	218
2403	218
2404	216
2405	218
2406	222
2407	228
2408	224
2409	214
2410	214
2411	216
2412	216
2413	100
2414	100
2415	226
2416	226
2417	102
2418	212
2419	223
2420	223
2421	215
2422	215
2423	230
2424	231
2425	231
2426	232
2427	232
2428	233
2429	234
2430	235
2431	236
2432	236
2433	237
2434	238
2435	239
2436	240
2437	241
2438	241
2439	241
2440	67
2441	242
2442	242
2443	242
2444	243
2445	243
2446	244
2447	245
2448	234
2449	246
2450	247
2451	247
2452	232
2453	240
2454	240
2455	248
2456	249
2457	245
2458	249
2459	231
2460	240
2461	240
2462	250
2463	250
2464	251
2465	252
2466	253
2467	253
2468	254
2469	241
2470	255
2471	255
2472	256
2473	257
2474	257
2475	231
2476	257
2477	257
2478	258
2479	259
2480	259
2481	259
2482	259
2483	257
2484	260
2485	232
2486	251
2487	249
2488	247
2489	233
2490	232
2491	232
2492	256
2493	256
2494	232
2495	261
2496	232
2497	235
2498	232
2499	262
2500	263
2501	256
2502	244
2503	231
2504	264
2505	265
2506	239
2507	266
2508	266
2509	267
2510	267
2511	267
2512	268
2513	232
2514	235
2515	235
2516	269
2517	269
2518	269
2519	231
2520	235
2521	242
2522	249
2523	270
2524	271
2525	249
2526	268
2527	254
2528	251
2529	272
2530	273
2531	273
2532	251
2533	235
2534	232
2535	238
2536	238
2537	274
2538	262
2539	251
2540	275
2541	275
2542	62
2543	251
2544	262
2545	234
2546	274
2547	274
2548	274
2549	251
2550	276
2551	276
2552	244
2553	277
2554	278
2555	259
2556	24
2557	231
2558	231
2559	257
2560	253
2561	232
2562	12
2563	233
2564	232
2565	279
2566	280
2567	280
2568	281
2569	281
2570	282
2571	283
2572	283
2573	283
2574	284
2575	285
2576	247
2577	286
2578	237
2579	263
2580	263
2581	285
2582	275
2583	275
2584	273
2585	253
2586	240
2587	256
2588	256
2589	268
2590	236
2591	231
2592	285
2593	280
2594	137
2595	235
2596	273
2597	234
2598	231
2599	231
2600	254
2601	285
2602	231
2603	233
2604	243
2605	251
2606	251
2607	287
2608	233
2609	264
2610	255
2611	270
2612	251
2613	266
2614	249
2615	242
2616	242
2617	249
2618	251
2619	255
2620	233
2621	24
2622	239
2623	288
2624	233
2625	256
2626	256
2627	256
2628	289
2629	258
2630	257
2631	241
2632	249
2633	241
2634	241
2635	239
2636	273
2637	234
2638	239
2639	241
2640	255
2641	286
2642	257
2643	256
2644	290
2645	291
2646	292
2647	291
2648	292
2649	293
2650	270
2651	233
2652	294
2653	295
2654	287
2655	294
2656	296
2657	273
2658	232
2659	232
2660	297
2661	237
2662	298
2663	238
2664	299
2665	299
2666	281
2667	232
2668	238
2669	296
2670	300
2671	301
2672	240
2673	240
2674	253
2675	276
2676	279
2677	279
2678	302
2679	303
2680	303
2681	243
2682	241
2683	241
2684	298
2685	243
2686	304
2687	246
2688	305
2689	306
2690	302
2691	302
2692	284
2693	273
2694	307
2695	288
2696	308
2697	309
2698	238
2699	238
2700	248
2701	238
2702	238
2703	308
2704	280
2705	298
2706	258
2707	243
2708	243
2709	248
2710	253
2711	310
2712	251
2713	251
2714	302
2715	311
2716	252
2717	253
2718	254
2719	253
2720	253
2721	277
2722	253
2723	234
2724	248
2725	312
2726	312
2727	313
2728	314
2729	232
2730	232
2731	232
2732	232
2733	287
2734	260
2735	275
2736	260
2737	260
2738	260
2739	294
2740	294
2741	294
2742	294
2743	251
2744	251
2745	308
2746	315
2747	305
2748	316
2749	317
2750	316
2751	297
2752	306
2753	297
2754	317
2755	248
2756	248
2757	253
2758	246
2759	232
2760	294
2761	261
2762	261
2763	261
2764	232
2765	235
2766	294
2767	235
2768	235
2769	235
2770	235
2771	318
2772	318
2773	301
2774	304
2775	263
2776	263
2777	239
2778	304
2779	248
2780	318
2781	318
2782	264
2783	265
2784	265
2785	265
2786	308
2787	308
2788	281
2789	233
2790	233
2791	262
2792	273
2793	245
2794	285
2795	294
2796	301
2797	319
2798	319
2799	299
2800	319
2801	277
2802	239
2803	289
2804	251
2805	251
2806	260
2807	249
2808	304
2809	277
2810	258
2811	311
2812	284
2813	271
2814	320
2815	321
2816	236
2817	279
2818	279
2819	298
2820	314
2821	235
2822	235
2823	232
2824	232
2825	314
2826	232
2827	275
2828	275
2829	62
2830	62
2831	62
2832	62
2833	62
2834	62
2835	62
2836	62
2837	298
2838	248
2839	248
2840	258
2841	294
2842	304
2843	277
2844	262
2845	311
2846	234
2847	274
2848	274
2849	276
2850	276
2851	276
2852	276
2853	276
2854	276
2855	251
2856	251
2857	248
2858	234
2859	234
2860	234
2861	234
2862	234
2863	234
2864	258
2865	314
2866	322
2867	271
2868	323
2869	297
2870	278
2871	278
2872	278
2873	278
2874	272
2875	272
2876	278
2877	278
2878	321
2879	324
2880	253
2881	324
2882	253
2883	294
2884	233
2885	249
2886	325
2887	249
2888	325
2889	253
2890	253
2891	302
2892	232
2893	326
2894	279
2895	281
2896	282
2897	282
2898	283
2899	283
2900	294
2901	294
2902	237
2903	271
2904	285
2905	285
2906	284
2907	285
2908	273
2909	137
2910	137
2911	253
2912	236
2913	262
2914	276
2915	255
2916	273
2917	272
2918	273
2919	317
2920	262
2921	307
2922	277
2923	262
2924	276
2925	276
2926	273
2927	273
2928	273
2929	273
2930	245
2931	323
2932	294
2933	254
2934	273
2935	294
2936	284
2937	276
2938	276
2939	327
2940	304
2941	280
2942	302
2943	233
2944	298
2945	298
2946	299
2947	299
2948	258
2949	62
2950	62
2951	319
2952	314
2953	243
2954	243
2955	243
2956	243
2957	310
2958	232
2959	322
2960	233
2961	233
2962	264
2963	264
2964	285
2965	255
2966	255
2967	318
2968	318
2969	298
2970	249
2971	311
2972	284
2973	253
2974	249
2975	249
2976	271
2977	320
2978	311
2979	288
2980	233
2981	304
2982	289
2983	320
2984	303
2985	303
2986	321
2987	258
2988	289
2989	247
2990	289
2991	250
2992	253
2993	239
2994	276
2995	277
2996	326
2997	319
2998	253
2999	277
3000	326
3001	301
3002	301
3003	304
3004	301
3005	235
3006	286
3007	286
3008	300
3009	313
3010	260
3011	318
3012	308
3013	256
3014	256
3015	256
3016	256
3017	232
3018	328
3019	287
3020	294
3021	307
3022	307
3023	282
3024	297
3025	258
3026	301
3027	285
3028	258
3029	307
3030	329
3031	305
3032	306
3033	284
3034	284
3035	314
3036	235
3037	294
3038	276
3039	248
3040	295
3041	294
3042	294
3043	247
3044	297
3045	249
3046	323
3047	323
3048	285
3049	285
3050	246
3051	277
3052	253
3053	253
3054	288
3055	274
3056	235
3057	311
3058	233
3059	329
3060	233
3061	312
3062	314
3063	322
3064	287
3065	330
3066	285
3067	238
3068	62
3069	317
3070	317
3071	297
3072	315
3073	315
3074	316
3075	297
3076	265
3077	273
3078	262
3079	271
3080	248
3081	315
3082	305
3083	316
3084	317
3085	316
3086	297
3087	306
3088	297
3089	317
3090	305
3091	306
3092	329
3093	309
3094	243
3095	253
3096	277
3097	284
3098	246
3099	246
3100	294
3101	305
3102	306
3103	280
3104	298
3105	248
3106	321
3107	321
3108	285
3109	322
3110	301
3111	324
3112	235
3113	263
3114	233
3115	233
3116	271
3117	324
3118	239
3119	239
3120	258
3121	322
3122	258
3123	262
3124	329
3125	301
3126	276
3127	329
3128	329
3129	329
3130	276
3131	298
3132	249
3133	309
3134	309
3135	323
3136	297
3137	297
3138	255
3139	276
3140	276
3141	277
3142	321
3143	301
3144	324
3145	284
3146	233
3147	233
3148	322
3149	277
3150	319
3151	319
3152	248
3153	321
3154	234
3155	296
3156	276
3157	235
3158	253
3159	330
3160	294
3161	322
3162	253
3163	273
3164	273
3165	313
3166	315
3167	317
3168	249
3169	327
3170	280
3171	273
3172	235
3173	328
3174	294
3175	319
3176	294
3177	314
3178	314
3179	235
3180	284
3181	273
3182	325
3183	295
3184	278
3185	272
3186	272
3187	278
3188	295
3189	325
3190	324
3191	311
3192	311
3193	260
3194	294
3195	304
3196	250
3197	253
3198	321
3199	253
3200	298
3201	297
3202	330
3203	320
3204	249
3205	247
3206	244
3207	314
3208	286
3209	300
3210	310
3211	319
3212	256
3213	328
3214	247
3215	253
3216	256
3217	257
3218	257
3219	257
3220	310
3221	300
3222	319
3223	327
3224	256
3225	256
3226	244
3227	244
3228	248
3229	268
3230	253
3231	235
3232	320
3233	242
3234	268
3235	320
3236	290
3237	290
3238	260
3239	291
3240	291
3241	284
3242	257
3243	257
3244	252
3245	326
3246	324
3247	286
3248	286
3249	258
3250	248
3251	268
3252	247
3253	319
3254	292
3255	291
3256	291
3257	291
3258	291
3259	291
3260	291
3261	292
3262	284
3263	310
3264	313
3265	314
3266	268
3267	308
3268	248
3269	300
3270	309
3271	263
3272	257
3273	293
3274	293
3275	276
3276	276
3277	247
3278	276
3279	252
3280	276
3281	284
3282	284
3283	295
3284	277
3285	273
3286	273
3287	313
3288	270
3289	270
3290	270
3291	270
3292	244
3293	331
3294	332
3295	332
3296	333
3297	334
3298	335
3299	335
3300	336
3301	336
3302	337
3303	338
3304	338
3305	338
3306	339
3307	338
3308	340
3309	341
3310	334
3311	331
3312	331
3313	332
3314	332
3315	2
3316	342
3317	343
3318	344
3319	345
3320	346
3321	331
3322	347
3323	347
3324	348
3325	333
3326	349
3327	331
3328	331
3329	1
3330	350
3331	347
3332	351
3333	334
3334	332
3335	331
3336	331
3337	350
3338	351
3339	352
3340	348
3341	348
3342	348
3343	345
3344	345
3345	353
3346	354
3347	355
3348	355
3349	355
3350	331
3351	331
3352	1
3353	356
3354	357
3355	357
3356	351
3357	334
3358	358
3359	358
3360	359
3361	359
3362	1
3363	360
3364	361
3365	1
3366	342
3367	362
3368	362
3369	362
3370	362
3371	363
3372	344
3373	364
3374	364
3375	364
3376	357
3377	365
3378	366
3379	366
3380	366
3381	367
3382	368
3383	369
3384	370
3385	367
3386	371
3387	344
3388	332
3389	350
3390	340
3391	357
3392	343
3393	343
3394	354
3395	358
3396	372
3397	372
3398	2
3399	373
3400	355
3401	355
3402	355
3403	353
3404	355
3405	355
3406	374
3407	374
3408	375
3409	375
3410	374
3411	375
3412	338
3413	348
3414	339
3415	338
3416	364
3417	364
3418	375
3419	338
3420	338
3421	343
3422	1
3423	356
3424	356
3425	356
3426	356
3427	362
3428	350
3429	350
3430	364
3431	364
3432	357
3433	333
3434	348
3435	347
3436	363
3437	357
3438	357
3439	376
3440	335
3441	335
3442	338
3443	368
3444	338
3445	371
3446	336
3447	371
3448	371
3449	377
3450	337
3451	370
3452	378
3453	347
3454	347
3455	363
3456	355
3457	355
3458	355
3459	341
3460	334
3461	341
3462	341
3463	341
3464	341
3465	341
3466	1
3467	339
3468	338
3469	338
3470	338
3471	331
3472	1
3473	344
3474	340
3475	360
3476	377
3477	334
3478	334
3479	338
3480	365
3481	365
3482	342
3483	342
3484	331
3485	363
3486	356
3487	356
3488	331
3489	336
3490	358
3491	358
3492	355
3493	378
3494	378
3495	378
3496	378
3497	378
3498	331
3499	378
3500	378
3501	378
3502	339
3503	339
3504	347
3505	351
3506	351
3507	379
3508	379
3509	379
3510	379
3511	379
3512	379
3513	379
3514	339
3515	331
3516	363
3517	375
3518	374
3519	375
3520	375
3521	342
3522	342
3523	362
3524	378
3525	378
3526	357
3527	357
3528	1
3529	348
3530	342
3531	342
3532	331
3533	380
3534	355
3535	346
3536	342
3537	335
3538	335
3539	340
3540	338
3541	381
3542	346
3543	344
3544	344
3545	377
3546	346
3547	346
3548	1
3549	380
3550	339
3551	339
3552	340
3553	1
3554	355
3555	355
3556	344
3557	342
3558	335
3559	361
3560	379
3561	331
3562	369
3563	379
3564	379
3565	373
3566	382
3567	363
3568	349
3569	357
3570	357
3571	357
3572	333
3573	345
3574	345
3575	333
3576	349
3577	349
3578	349
3579	361
3580	350
3581	340
3582	1
3583	2
3584	375
3585	375
3586	1
3587	1
3588	357
3589	333
3590	376
3591	370
3592	338
3593	331
3594	383
3595	358
3596	340
3597	332
3598	331
3599	350
3600	356
3601	357
3602	382
3603	355
3604	381
3605	355
3606	355
3607	354
3608	362
3609	355
3610	2
3611	381
3612	1
3613	338
3614	338
3615	370
3616	351
3617	377
3618	377
3619	350
3620	339
3621	363
3622	353
3623	362
3624	376
3625	2
3626	338
3627	338
3628	350
3629	335
3630	337
3631	337
3632	331
3633	351
3634	351
3635	351
3636	378
3637	378
3638	357
3639	372
3640	355
3641	355
3642	381
3643	352
3644	351
3645	351
3646	347
3647	345
3648	345
3649	381
3650	355
3651	355
3652	1
3653	381
3654	340
3655	356
3656	372
3657	333
3658	355
3659	345
3660	355
3661	355
3662	338
3663	355
3664	383
3665	357
3666	374
3667	381
3668	347
3669	381
3670	331
3671	331
3672	350
3673	331
3674	331
3675	373
3676	375
3677	345
3678	355
3679	356
3680	356
3681	356
3682	355
3683	351
3684	348
3685	351
3686	355
3687	355
3688	331
3689	331
3690	340
3691	340
3692	340
3693	332
3694	357
3695	357
3696	347
3697	347
3698	331
3699	365
3700	331
3701	331
3702	331
3703	342
3704	350
3705	350
3706	380
3707	380
3708	336
3709	354
3710	377
3711	374
3712	374
3713	331
3714	357
3715	357
3716	357
3717	346
3718	349
3719	382
3720	336
3721	351
3722	351
3723	351
3724	343
3725	358
3726	383
3727	358
3728	355
3729	355
3730	359
3731	349
3732	347
3733	356
3734	378
3735	378
3736	354
3737	336
3738	379
3739	342
3740	368
3741	335
3742	331
3743	355
3744	369
3745	347
3746	335
3747	353
3748	353
3749	384
3750	385
3751	385
3752	386
3753	387
3754	387
3755	387
3756	388
3757	388
3758	388
3759	388
3760	387
3761	387
3762	385
3763	389
3764	385
3765	389
3766	384
3767	385
3768	384
3769	60
3770	79
3771	390
3772	390
3773	386
3774	387
3775	387
3776	387
3777	387
3778	384
3779	391
3780	79
3781	79
3782	79
3783	390
3784	387
3785	389
3786	392
3787	389
3788	385
3789	389
3790	79
3791	388
3792	388
3793	385
3794	386
3795	386
3796	393
3797	387
3798	394
3799	393
3800	387
3801	384
3802	386
3803	389
3804	386
3805	391
3806	384
3807	384
3808	395
3809	387
3810	391
3811	391
3812	384
3813	384
3814	391
3815	396
3816	391
3817	391
3818	391
3819	396
3820	392
3821	396
3822	388
3823	391
3824	390
3825	390
3826	391
3827	397
3828	397
3829	398
3830	398
3831	391
3832	398
3833	398
3834	391
3835	391
3836	391
3837	398
3838	384
3839	384
3840	384
3841	390
3842	390
3843	384
3844	384
3845	399
3846	390
3847	390
3848	398
3849	391
3850	391
3851	391
3852	397
3853	397
3854	400
3855	391
3856	397
3857	387
3858	390
3859	390
3860	399
3861	397
3862	384
3863	391
3864	391
3865	395
3866	395
3867	398
3868	390
3869	79
3870	79
3871	391
3872	398
3873	399
3874	399
3875	395
3876	393
3877	393
3878	395
3879	390
3880	391
3881	393
3882	393
3883	388
3884	395
3885	395
3886	392
3887	400
3888	400
3889	391
3890	400
3891	399
3892	395
3893	391
3894	395
3895	398
3896	392
3897	384
3898	384
3899	398
3900	398
3901	384
3902	399
3903	399
3904	395
3905	389
3906	384
3907	391
3908	391
3909	400
3910	393
3911	398
3912	391
3913	388
3914	395
3915	391
3916	393
3917	393
3918	384
3919	398
3920	398
3921	387
3922	388
3923	384
3924	384
3925	391
3926	385
3927	398
3928	386
3929	399
3930	388
3931	388
3932	385
3933	384
3934	393
3935	385
3936	386
3937	79
3938	389
3939	394
3940	394
3941	394
3942	384
3943	384
3944	386
3945	387
3946	389
3947	401
3948	402
3949	403
3950	403
3951	403
3952	404
3953	405
3954	406
3955	407
3956	402
3957	402
3958	408
3959	408
3960	409
3961	410
3962	405
3963	402
3964	402
3965	402
3966	406
3967	411
3968	411
3969	411
3970	412
3971	405
3972	412
3973	401
3974	401
3975	403
3976	402
3977	402
3978	402
3979	402
3980	403
3981	405
3982	68
3983	405
3984	401
3985	401
3986	401
3987	51
3988	407
3989	402
3990	409
3991	409
3992	412
3993	409
3994	68
3995	406
3996	408
3997	408
3998	403
3999	402
4000	405
4001	405
4002	405
4003	409
4004	405
4005	412
4006	407
4007	407
4008	402
4009	410
4010	405
4011	408
4012	412
4013	412
4014	405
4015	409
4016	408
4017	408
4018	410
4019	405
4020	405
4021	412
4022	409
4023	409
4024	327
4025	409
4026	409
4027	402
4028	412
4029	405
4030	405
4031	405
4032	405
4033	409
4034	409
4035	219
4036	405
4037	410
4038	405
4039	405
4040	404
4041	404
4042	404
4043	404
4044	410
4045	410
4046	410
4047	405
4048	407
4049	407
4050	413
4051	413
4052	413
4053	413
4054	407
4055	407
4056	407
4057	409
4058	409
4059	406
4060	406
4061	406
4062	406
4063	406
4064	406
4065	406
4066	404
4067	68
4068	68
4069	413
4070	413
4071	406
4072	414
4073	414
4074	414
4075	414
4076	414
4077	401
4078	401
4079	405
4080	405
4081	415
4082	415
4083	415
4084	415
4085	415
4086	415
4087	415
4088	416
4089	417
4090	389
4091	418
4092	418
4093	419
4094	419
4095	413
4096	71
4097	420
4098	421
4099	415
4100	422
4101	389
4102	419
4103	423
4104	423
4105	413
4106	71
4107	71
4108	71
4109	71
4110	415
4111	58
4112	26
4113	59
4114	59
4115	417
4116	418
4117	424
4118	415
4119	419
4120	24
4121	425
4122	426
4123	426
4124	426
4125	427
4126	427
4127	427
4128	427
4129	428
4130	417
4131	417
4132	417
4133	417
4134	429
4135	429
4136	420
4137	430
4138	415
4139	419
4140	425
4141	425
4142	425
4143	425
4144	71
4145	71
4146	71
4147	431
4148	59
4149	59
4150	425
4151	419
4152	419
4153	415
4154	415
4155	432
4156	415
4157	430
4158	429
4159	415
4160	389
4161	415
4162	415
4163	419
4164	24
4165	433
4166	418
4167	434
4168	434
4169	434
4170	431
4171	431
4172	415
4173	58
4174	24
4175	435
4176	435
4177	24
4178	24
4179	24
4180	417
4181	436
4182	437
4183	437
4184	71
4185	71
4186	24
4187	417
4188	417
4189	418
4190	415
4191	415
4192	415
4193	415
4194	415
4195	438
4196	417
4197	389
4198	389
4199	389
4200	420
4201	58
4202	425
4203	439
4204	431
4205	415
4206	389
4207	24
4208	418
4209	440
4210	441
4211	417
4212	419
4213	26
4214	418
4215	419
4216	419
4217	389
4218	415
4219	415
4220	58
4221	58
4222	420
4223	430
4224	442
4225	423
4226	437
4227	389
4228	430
4229	430
4230	429
4231	429
4232	429
4233	430
4234	415
4235	439
4236	439
4237	415
4238	430
4239	424
4240	424
4241	422
4242	432
4243	415
4244	422
4245	420
4246	420
4247	420
4248	420
4249	432
4250	24
4251	415
4252	427
4253	415
4254	438
4255	443
4256	439
4257	438
4258	432
4259	430
4260	422
4261	439
4262	439
4263	443
4264	443
4265	24
4266	438
4267	415
4268	58
4269	389
4270	442
4271	442
4272	442
4273	442
4274	442
4275	442
4276	444
4277	444
4278	444
4279	444
4280	435
4281	421
4282	421
4283	421
4284	445
4285	419
4286	431
4287	431
4288	433
4289	433
4290	417
4291	446
4292	446
4293	446
4294	446
4295	436
4296	436
4297	436
4298	436
4299	416
4300	24
4301	447
4302	447
4303	447
4304	425
4305	419
4306	419
4307	419
4308	440
4309	440
4310	440
4311	440
4312	440
4313	441
4314	441
4315	441
4316	441
4317	24
4318	416
4319	416
4320	59
4321	445
4322	445
4323	428
4324	428
4325	59
4326	59
4327	448
4328	449
4329	449
4330	450
4331	449
4332	41
4333	451
4334	41
4335	41
4336	448
4337	41
4338	448
4339	41
4340	41
4341	38
4342	448
4343	448
4344	450
4345	448
4346	449
4347	41
4348	449
4349	41
4350	451
4351	451
4352	450
4353	448
4354	448
4355	451
4356	449
4357	449
4358	451
4359	451
4360	448
4361	448
4362	38
4363	38
4364	451
4365	448
4366	38
4367	38
4368	448
4369	38
4370	38
4371	451
4372	451
4373	448
4374	38
4375	448
4376	38
4377	449
4378	41
4379	451
4380	451
4381	41
4382	451
4383	451
4384	450
4385	450
4386	41
4387	448
4388	451
4389	451
4390	451
4391	451
4392	38
4393	448
4394	448
4395	448
4396	448
4397	451
4398	41
4399	448
4400	41
4401	450
4402	41
4403	451
4404	448
4405	448
4406	448
4407	449
4408	450
4409	448
4410	448
4411	448
4412	448
4413	450
4414	448
4415	41
4416	451
4417	449
4418	449
4419	448
4420	452
4421	452
4422	452
4423	30
4424	452
4425	33
4426	31
4427	452
4428	33
4429	452
4430	31
4431	47
4432	452
4433	47
4434	452
4435	452
4436	452
4437	452
4438	452
4439	452
4440	452
4441	452
4442	452
4443	452
4444	111
4445	12
4446	13
4447	12
4448	12
4449	111
4450	111
4451	453
4452	453
4453	454
4454	453
4455	454
4456	454
4457	112
4458	67
4459	67
4460	13
4461	13
4462	111
4463	67
4464	67
4465	67
4466	67
4467	455
4468	455
4469	456
4470	457
4471	458
4472	459
4473	360
4474	360
4475	458
4476	352
4477	460
4478	455
4479	455
4480	455
4481	455
4482	458
4483	458
4484	227
4485	455
4486	461
4487	227
4488	462
4489	360
4490	463
4491	230
4492	352
4493	464
4494	465
4495	1
4496	455
4497	466
4498	459
4499	459
4500	463
4501	463
4502	465
4503	465
4504	467
4505	461
4506	461
4507	216
4508	360
4509	360
4510	464
4511	465
4512	468
4513	1
4514	1
4515	230
4516	361
4517	361
4518	468
4519	469
4520	470
4521	470
4522	467
4523	455
4524	1
4525	332
4526	456
4527	457
4528	457
4529	462
4530	455
4531	471
4532	472
4533	466
4534	473
4535	216
4536	216
4537	332
4538	469
4539	474
4540	227
4541	473
4542	360
4543	352
4544	1
4545	457
4546	461
4547	466
4548	475
4549	475
4550	461
4551	230
4552	214
4553	455
4554	467
4555	470
4556	463
4557	465
4558	461
4559	458
4560	462
4561	465
4562	462
4563	230
4564	476
4565	477
4566	332
4567	332
4568	462
4569	472
4570	361
4571	361
4572	216
4573	216
4574	460
4575	360
4576	475
4577	361
4578	473
4579	1
4580	230
4581	1
4582	1
4583	462
4584	230
4585	230
4586	230
4587	230
4588	227
4589	230
4590	458
4591	472
4592	470
4593	471
4594	460
4595	460
4596	472
4597	469
4598	1
4599	478
4600	461
4601	455
4602	477
4603	347
4604	479
4605	479
4606	466
4607	468
4608	468
4609	332
4610	360
4611	471
4612	462
4613	468
4614	361
4615	465
4616	464
4617	360
4618	473
4619	479
4620	470
4621	361
4622	462
4623	462
4624	461
4625	479
4626	464
4627	214
4628	352
4629	455
4630	468
4631	216
4632	214
4633	361
4634	216
4635	470
4636	360
4637	479
4638	475
4639	468
4640	477
4641	477
4642	479
4643	465
4644	216
4645	477
4646	360
4647	459
4648	463
4649	214
4650	471
4651	472
4652	216
4653	455
4654	455
4655	455
4656	460
4657	458
4658	461
4659	1
4660	461
4661	361
4662	352
4663	361
4664	361
4665	472
4666	467
4667	332
4668	477
4669	230
4670	468
4671	459
4672	468
4673	473
4674	459
4675	360
4676	457
4677	359
4678	359
4679	462
4680	472
4681	469
4682	464
4683	464
4684	230
4685	332
4686	332
4687	458
4688	461
4689	468
4690	468
4691	468
4692	227
4693	227
4694	227
4695	227
4696	468
4697	480
4698	480
4699	480
4700	461
4701	467
4702	465
4703	227
4704	481
4705	481
4706	482
4707	482
4708	481
4709	481
4710	481
4711	481
4712	481
4713	482
4714	481
4715	483
4716	482
4717	481
4718	484
4719	482
4720	481
4721	484
4722	473
4723	472
4724	481
4725	214
4726	485
4727	483
4728	481
4729	481
4730	484
4731	486
4732	482
4733	481
4734	486
4735	481
4736	483
4737	484
4738	486
4739	484
4740	481
4741	481
4742	484
4743	214
4744	484
4745	481
4746	481
4747	481
4748	481
4749	485
4750	214
4751	484
4752	481
4753	214
4754	214
4755	484
4756	485
4757	481
4758	484
4759	332
4760	361
4761	361
4762	467
4763	474
4764	463
4765	463
4766	457
4767	462
4768	467
4769	462
4770	462
4771	469
4772	458
4773	332
4774	483
4775	483
4776	470
4777	361
4778	468
4779	332
4780	332
4781	468
4782	468
4783	485
4784	485
4785	464
4786	464
4787	227
4788	227
4789	227
4790	464
4791	464
4792	227
4793	227
4794	227
4795	227
4796	456
4797	464
4798	466
4799	360
4800	470
4801	470
4802	470
4803	456
4804	456
4805	469
4806	469
4807	469
4808	474
4809	474
4810	473
4811	465
4812	484
4813	476
4814	476
4815	476
4816	473
4817	473
4818	480
4819	478
4820	478
4821	477
4822	466
4823	473
4824	332
4825	469
4826	472
4827	468
4828	381
4829	381
4830	347
4831	347
4832	487
4833	488
4834	489
4835	215
4836	215
4837	215
4838	490
4839	490
4840	487
4841	487
4842	487
4843	487
4844	487
4845	347
4846	491
4847	491
4848	491
4849	215
4850	367
4851	22
4852	8
4853	215
4854	215
4855	22
4856	8
4857	8
4858	8
4859	8
4860	8
4861	332
4862	344
4863	344
4864	344
4865	350
4866	381
4867	492
4868	492
4869	492
4870	491
4871	22
4872	490
4873	491
4874	381
4875	348
4876	348
4877	344
4878	344
4879	344
4880	491
4881	344
4882	8
4883	348
4884	381
4885	381
4886	487
4887	487
4888	487
4889	487
4890	490
4891	491
4892	22
4893	22
4894	22
4895	492
4896	488
4897	215
4898	488
4899	347
4900	491
4901	367
4902	344
4903	490
4904	490
4905	490
4906	367
4907	367
4908	367
4909	367
4910	344
4911	367
4912	489
4913	491
4914	344
4915	491
4916	489
4917	490
4918	344
4919	367
4920	344
4921	367
4922	490
4923	489
4924	344
4925	492
4926	488
4927	227
4928	227
4929	227
4930	3
4931	3
4932	105
4933	105
4934	105
4935	105
4936	227
4937	105
4938	227
4939	105
4940	105
