357695
284186
281439
321771
284570
332186
226516
183585
292796
302351
248127
392642
249614
157516
241605
147689
335696
142070
128502
299330
124993
115910
259001
113053
151573
314213
100236
337026
315271
87819
267964
322882
289238
183921
284056
248465
248464
123255
116554
115588
115587
115585
115584
115583
192049
157577
94318
353646
281383
405542
305779
155985
275150
171068
263874
175089
326623
261307
298958
305107
416570
65762
419693
82249
286304
286303
30572
235351
243564
268644
424252
26496
369080
286326
286325
286324
286321
74770
56553
404659
241405
121116
396682
88832
192103
120860
404632
286360
142076
124411
294936
369130
131243
313480
307088
9215
199059
294937
289236
223457
247274
75659
270519
270049
316229
147179
75507
20978
48303
115911
343261
161337
274663
86546
32302
13979
286356
192806
403366
232430
220900
38183
210611
416142
418952
11927
206390
286358
286319
286311
284923
131740
15046
255210
294935
257022
257013
230621
230620
229989
61506
131891
257024
272552
416571
60624
369545
89460
94319
286323
14463
286342
363622
286357
286348
39420
321181
308943
307090
307089
288825
286510
286509
286397
286359
286353
286349
286346
286340
286327
286315
286312
286310
286309
286306
286305
257012
252697
226267
225902
165355
162943
124535
115586
115457
114253
72210
76323
66095
55885
30815
314212
231458
116555
178333
286316
156039
124395
45686
26509
17855
4226
257016
26497
115582
40108
286343
185919
178293
48525
257014
129801
70588
149143
103051
257025
270051
257021
257020
418951
286355
84954
286322
286339
174700
257023
306215
238302
281460
257017
257019
286354
371620
185173
67024
352966
178332
274213
369546
285573
55900
141841
238793
234780
89910
63227
68242
286314
286320
257015
65957
232429
168536
24204
257018
286345
286308
404660
286344
13076
263873
130684
119460
34924
182115
371621
257533
121117
4496
229756
251422
97078
70089
286313
88816
286341
193651
286317
286318
386361
328201
111160
20503
26555
64331
91574
35250
141051
355563
421025
286351
286352
286307
205413
26194
61711
272551
286328
261762
419694
121742
7236
286347
247273
360290
123895
116246
8706
87064
141109
390014
270050
31962
286511
286350
282970
59601
35376
183584
247080
159964
171689
33408
114254
154102
158348
425340
108454
123262
125461
130725
130726
130727
141842
408987
416143
416144
237880
129805
295064
409600
107056
37041
129256
273591
321182
335920
335921
335922
61232
386360
58487
81599
381833
77721
163019
163021
31470
302431
334263
167561
182114
48545
75506
259002
5209
35375
171069
415034
47495
113052
147658
314336
71536
86934
139200
173778
82687
62982
353647
413322
