0 178
0 294
0 304
0 377
0 404
0 425
0 630
0 971
0 1366
0 1525
0 1711
0 1981
0 2343
0 2772
0 3323
0 3644
0 4134
0 4319
0 4467
0 4704
0 4836
0 5049
1 3409
1 3418
1 3537
1 3673
1 3715
1 3735
1 3788
1 3807
1 3924
1 4098
1 4409
1 4486
1 4597
1 4635
1 4658
1 4667
1 4688
1 5047
1 5085
2 159
2 1369
2 3131
2 4037
2 4103
3 172
3 203
3 206
3 246
3 254
3 271
3 273
3 279
3 297
3 397
3 444
3 959
3 1084
3 1367
3 1429
3 1935
3 2001
3 2050
3 2364
3 2385
3 2502
3 2553
3 2893
3 2917
3 3044
3 3206
3 3479
3 3497
3 3832
3 4040
3 4675
3 5046
3 5074
4 160
4 241
4 453
4 472
4 580
4 935
4 1410
4 1431
4 1671
4 2444
4 2714
4 3369
4 3499
4 3912
4 3930
4 3947
4 4226
4 4504
5 9
5 19
5 77
5 247
5 271
5 357
5 385
5 415
5 436
5 618
5 763
5 982
5 1253
5 1264
5 1445
5 1528
5 1650
5 1907
5 1935
5 2015
5 2085
5 2195
5 2326
5 2359
5 3020
5 3190
5 3198
5 3234
5 3429
5 3506
5 3586
5 4235
5 4526
5 4534
5 4665
5 4819
6 840
6 1766
7 29
7 39
7 66
7 75
7 157
7 260
7 270
7 272
7 284
7 291
7 319
7 387
7 429
7 444
7 469
7 575
7 997
7 1860
7 2325
7 2687
7 2999
7 3089
7 3259
7 3766
7 3984
7 4077
7 4454
7 4780
7 4845
7 5043
7 5056
7 5081
8 155
8 204
8 456
8 582
8 1879
8 3683
8 3987
9 4662
9 4783
9 4784
9 4819
9 4877
9 4944
9 4995
9 4996
9 5004
9 5049
9 5086
9 5090
10 81
10 139
10 312
10 332
10 364
10 395
10 399
10 400
10 651
10 665
10 711
10 736
10 739
10 835
10 937
10 1437
10 1576
10 1738
10 1777
10 2076
10 2118
10 2127
10 2232
10 2392
10 2686
10 2797
10 3435
10 3459
10 3687
10 3722
10 3743
10 4482
10 4543
10 4908
11 413
12 73
12 358
12 608
12 939
12 2009
12 2133
12 3285
12 3668
13 14
13 56
13 204
13 335
13 424
13 790
13 1355
13 1775
13 2376
13 2483
13 2827
13 3467
13 4086
13 4125
14 56
14 218
14 790
14 844
14 1355
14 1602
14 1775
14 2376
14 2483
14 2827
14 3467
14 3676
14 4055
14 4125
15 150
15 241
15 242
15 323
15 335
15 385
15 509
15 512
15 633
15 802
15 1097
15 1119
15 1299
15 1357
15 1458
15 1498
15 1630
15 1897
15 2098
15 2509
15 2954
15 3192
15 3274
15 3310
15 3378
15 3485
15 3871
15 3872
15 3948
15 3993
15 4168
15 4318
15 4368
15 4789
15 4827
16 220
16 364
16 370
16 613
16 979
16 1190
16 1552
16 1652
16 1706
16 1728
16 1791
16 2279
16 2355
16 3279
16 3543
16 3648
16 3658
16 3731
16 3969
16 4559
16 4706
16 4759
16 4778
17 1984
17 3258
17 4279
17 4854
18 77
18 103
18 323
18 510
18 525
18 579
18 783
18 822
18 946
18 1301
18 1354
18 1401
18 1483
18 1500
18 1679
18 1880
18 1896
18 2119
18 2126
18 2162
18 2173
18 2592
18 2863
18 2977
18 3182
18 3234
18 3576
18 3667
18 3672
18 3948
18 4152
18 4229
18 4490
18 4789
18 4955
18 5058
19 3252
19 3290
19 3341
19 3506
19 3509
19 3706
19 3790
19 4053
19 4069
19 4136
19 4252
19 4320
19 4325
19 4339
19 4372
19 4526
19 4738
19 4819
20 346
20 654
20 910
20 1117
20 1344
20 1555
20 1757
20 2043
20 2514
20 2753
20 3158
20 3184
20 3306
20 3332
20 3349
20 3549
20 3569
20 3573
20 3962
20 4085
20 4370
21 147
21 334
21 389
21 1652
21 2156
21 2491
21 3004
21 3006
21 4066
21 4186
21 4978
22 337
22 367
22 375
22 436
22 442
22 693
22 985
22 1285
22 1661
22 1983
22 3287
22 3376
22 3387
22 3429
22 4906
23 239
24 515
24 516
24 603
24 762
24 1412
24 1422
24 1561
24 1907
24 2503
24 2769
24 3163
24 3492
24 3705
24 3854
24 3982
24 4024
24 4137
25 73
25 104
25 200
25 337
25 343
25 390
25 424
25 461
25 468
25 976
25 1440
25 1889
25 1947
25 2116
25 2255
25 2448
25 2461
25 2477
25 2816
25 4246
25 4524
25 4903
26 144
26 172
26 199
26 246
26 261
26 286
26 397
26 439
26 678
26 1399
26 1621
26 1645
26 1989
26 2031
26 2041
26 2441
26 2629
26 2883
26 3000
26 3497
26 3618
26 4178
26 4442
26 4466
26 4578
26 4672
26 4749
26 5019
27 49
27 342
27 431
27 473
27 981
27 1258
27 1364
27 1870
27 2402
27 2421
27 2587
27 2648
27 2654
27 2657
27 2716
27 2791
27 3419
27 3942
27 3972
27 4159
27 4963
28 30
28 128
28 626
28 2548
28 3126
28 4508
29 66
29 179
29 270
29 272
29 523
29 1214
29 1933
29 2687
29 2870
29 3022
29 3259
29 3536
29 4077
29 4150
29 4686
29 5056
30 128
31 601
31 2976
31 4764
32 36
32 102
32 201
32 263
32 277
32 779
32 912
32 918
32 1686
32 1938
32 2352
32 2506
32 2526
32 2643
32 2669
32 2986
32 3090
32 3721
32 3762
32 3989
32 4767
32 5039
33 126
33 132
33 206
33 1659
33 2367
33 3093
33 4109
33 4156
33 4722
34 155
34 197
34 207
34 407
34 453
34 2899
34 4753
35 263
35 377
35 384
35 697
35 1061
35 1366
35 1976
35 2813
35 3019
35 3693
35 4657
36 179
36 201
36 397
36 439
36 471
36 502
36 680
36 1085
36 1525
36 1531
36 1784
36 1793
36 1907
36 2081
36 2181
36 2233
36 2427
36 2525
36 2540
36 2559
36 2588
36 2803
36 3074
36 3229
36 3315
36 3798
36 3858
36 3882
36 4079
36 4212
37 50
37 390
37 1582
37 1750
37 2626
37 2978
37 3245
37 3265
38 124
38 735
38 920
38 2461
38 2911
38 3294
38 3496
38 3894
38 4858
39 66
39 319
39 543
39 570
39 1899
39 1959
39 2007
39 2265
39 3095
39 3262
39 4015
39 4591
39 4839
39 4961
40 49
40 54
40 226
40 239
40 336
40 348
40 587
40 616
40 870
40 871
40 872
40 1056
40 1102
40 1821
40 2174
40 2197
40 2442
40 2706
40 2909
40 3458
40 3488
40 3541
40 3860
40 3901
40 4133
40 4292
40 4498
40 4521
40 4808
40 4911
41 91
41 943
41 1611
41 3808
41 4670
42 3199
42 3321
42 3336
42 3534
42 3580
42 3600
42 3660
42 3663
42 3803
42 3934
42 3982
42 4068
42 4201
42 4253
42 4337
42 4367
42 4443
42 4519
42 4603
42 4818
42 4900
43 61
43 334
43 711
43 758
43 1201
44 77
44 118
44 192
44 193
44 275
44 405
44 417
44 444
44 453
44 1536
44 1926
44 1940
44 2001
44 2113
44 2178
44 2198
44 2520
44 2787
44 3180
44 3446
44 4634
44 4783
45 397
45 492
45 749
45 1221
45 1431
45 3479
45 3753
45 4051
45 4902
46 74
46 132
46 202
46 856
46 1603
46 1998
46 2046
46 2967
46 3129
46 3248
46 3466
46 3751
46 4126
46 4501
47 309
47 359
47 1578
47 2132
47 2516
47 5078
48 315
48 473
48 702
48 978
48 1387
48 2846
48 3679
48 4445
49 53
49 290
49 431
49 473
49 490
49 558
49 732
49 947
49 970
49 981
49 1058
49 1059
49 1115
49 1213
49 1241
49 1258
49 1266
49 1319
49 1333
49 1513
49 1632
49 1636
49 1683
49 1905
49 2063
49 2272
49 2625
49 2741
49 2767
49 2840
49 2857
49 3281
49 3564
49 3622
49 3644
49 3764
49 4013
49 4059
49 4197
49 4704
49 4813
50 300
50 303
50 318
50 390
50 468
50 1058
50 1582
50 1750
50 1951
50 2266
50 2664
50 2665
50 2798
50 3138
50 4063
50 4476
50 4520
50 4761
50 5069
51 171
51 445
51 894
51 922
51 1519
51 1687
51 2008
51 2537
51 2763
51 2946
51 3427
51 4341
51 4610
52 75
52 134
52 157
52 192
52 357
52 547
52 556
52 573
52 1001
52 1981
52 2606
52 3086
52 3367
52 3963
52 4034
52 4770
52 4989
53 179
53 301
53 405
53 413
53 452
53 2290
54 336
54 995
55 374
55 446
55 5082
56 110
56 123
56 133
56 156
56 157
56 163
56 169
56 179
56 218
56 269
56 275
56 309
56 357
56 363
56 379
56 413
56 415
56 790
56 866
56 1193
56 1456
56 1887
56 3467
56 3674
56 3733
56 4110
57 321
57 342
57 465
57 494
57 495
57 565
57 588
57 590
57 998
57 1036
57 1615
57 1736
57 1760
57 1926
57 2064
57 2069
57 2143
57 2250
57 2527
57 2650
57 2913
57 3514
57 4135
57 4427
57 4693
57 4716
58 59
58 159
58 293
58 448
58 532
58 1583
58 1668
58 2554
58 4403
58 4449
58 4826
59 4048
59 4147
59 4184
59 4406
59 4414
59 4434
59 4442
59 4514
59 4531
59 4587
59 4737
59 4779
59 4900
60 293
60 337
60 354
60 356
60 478
60 766
60 1225
60 1708
60 1988
60 2200
60 2416
60 2983
60 3742
60 3846
60 4847
60 5032
61 334
61 711
61 758
61 1201
61 1237
61 1510
61 1581
61 2373
61 2473
61 4510
62 144
62 1245
62 1271
62 4433
62 4589
63 201
63 362
63 2400
63 4255
64 202
64 326
64 533
64 1132
64 1761
64 1887
64 1963
64 2180
64 2221
64 2593
64 4194
65 358
65 615
65 2368
65 4127
65 4840
66 3212
66 3259
66 3262
66 3263
66 3452
66 3579
66 3674
66 3766
66 3789
66 3914
66 3915
66 4002
66 4015
66 4261
66 4454
66 4588
66 4591
66 4686
66 4801
66 4869
66 4961
66 4994
66 5081
67 77
67 94
67 205
67 222
67 556
67 786
67 1096
67 1856
67 2030
67 2073
67 2474
67 2475
67 2653
67 2655
67 2777
67 2892
67 2975
67 3382
67 3383
67 3523
67 3959
67 4107
67 4381
67 4416
67 4426
67 4985
68 123
68 156
68 169
68 186
68 218
68 264
68 321
68 363
68 379
68 417
68 472
68 495
68 722
68 742
68 935
68 1325
68 1464
68 2389
68 2621
68 2687
68 2779
68 2780
68 2818
68 2923
68 3430
68 3803
68 4044
68 4151
69 150
69 291
69 387
69 3449
70 318
70 808
70 1129
70 1827
70 2026
70 2138
70 2167
70 2743
70 3194
70 3555
70 3718
70 4011
70 4112
70 4596
70 5007
71 75
71 157
71 188
71 769
71 953
71 1001
71 1062
71 1167
71 1356
71 1444
71 1763
71 1867
71 1876
71 1982
71 2029
71 2109
71 2748
71 3170
71 3282
71 3606
71 3640
71 4436
71 4512
71 4839
71 4859
71 4991
72 247
72 308
72 436
73 4083
73 4099
73 4127
73 4250
73 4465
73 4513
73 4632
73 4683
73 4700
73 4886
73 5015
74 3917
74 4008
74 4017
74 4126
74 4128
74 4131
74 4264
74 4295
74 4709
74 4714
74 4726
74 4926
74 4941
74 4990
74 5048
75 3275
75 3354
75 3431
75 3615
75 3621
75 3717
75 3809
75 3861
75 3922
75 3971
75 4001
75 4038
75 4067
75 4141
75 4254
75 4291
75 4318
75 4394
75 4753
75 4962
76 125
76 139
76 211
76 226
76 336
76 408
76 960
76 1348
76 1396
76 1442
76 1789
76 1869
76 2134
76 2135
76 2720
76 2731
76 2757
76 3292
76 3571
76 4595
76 4694
76 4842
76 4888
76 4936
76 5044
77 93
77 157
77 178
77 179
77 189
77 192
77 203
77 247
77 275
77 309
77 357
77 387
77 436
77 444
77 449
77 525
77 593
77 671
77 786
77 847
77 1052
77 1212
77 1322
77 1454
77 1500
77 1608
77 1716
77 1961
77 2003
77 2086
77 2262
77 2445
77 2516
77 2554
77 2675
77 2866
77 2987
77 3234
77 3394
77 3600
77 3719
77 3827
77 3855
77 3959
77 4002
77 4053
77 4107
77 4634
77 4802
78 83
78 2262
79 118
79 291
79 427
79 434
79 453
79 478
79 562
79 690
79 698
79 699
79 772
79 1240
79 1347
79 1405
79 1491
79 1568
79 1741
79 1930
79 2125
79 2201
79 2478
79 3013
79 3038
79 3470
79 3976
79 3990
79 4107
79 4612
79 4708
79 5031
80 499
80 3565
81 113
81 251
81 364
81 665
81 711
81 791
81 937
81 1048
81 1441
81 1503
81 1949
81 2010
81 2023
81 2380
81 2423
81 2563
81 2613
81 2851
81 2945
81 3459
81 3541
81 3661
81 3722
81 3732
81 3743
81 3774
81 3795
81 3811
81 4003
81 4623
82 308
82 571
82 1587
82 1658
82 1704
82 1784
82 1920
82 2247
82 2577
82 2683
82 2958
82 3152
82 3162
82 3277
82 3813
82 4034
82 4286
83 4330
83 4418
83 4477
83 4584
83 4593
83 4624
83 4668
83 4679
83 4693
83 4765
83 4798
83 4883
83 4943
83 4959
83 4972
83 5033
83 5059
83 5060
83 5078
84 86
84 167
84 168
84 318
84 775
84 795
84 895
84 907
84 1027
84 1234
84 1260
84 1415
84 1430
84 1832
84 1978
84 2136
84 2155
84 2274
84 2437
84 2464
84 2589
84 2796
84 2996
84 3261
84 3326
84 3347
84 3445
84 3500
84 3521
84 3535
84 3892
84 3953
84 4010
84 4052
84 4074
84 4110
84 4143
84 4682
84 4830
84 4857
85 179
85 1159
85 2412
85 3604
85 3940
86 167
86 168
86 1532
86 1637
86 2505
86 4328
87 161
87 247
87 351
87 466
87 792
87 1255
87 1614
87 2121
87 2337
87 2749
87 3101
87 3712
87 3816
87 3837
87 3988
87 4018
87 4534
88 247
88 275
88 518
88 736
88 1154
88 1228
88 1586
88 1592
88 2344
88 2504
88 2801
88 2939
88 3201
88 3550
88 4020
88 4076
88 4534
89 136
89 172
89 350
89 1250
89 1737
89 4533
90 226
90 577
90 2412
90 2739
90 3670
90 3957
90 4054
90 4408
91 336
91 529
91 1327
91 1341
91 1676
91 1798
91 1865
91 2111
91 2159
91 2662
91 3012
91 3312
91 3801
91 4407
91 4492
91 5072
92 191
92 267
92 280
92 358
92 381
92 663
92 683
92 837
92 889
92 1116
92 1941
92 1946
92 2009
92 2604
92 2709
92 3458
92 3646
92 3736
92 3890
92 4328
92 4573
92 4739
93 179
93 358
93 441
93 670
93 812
93 984
93 1417
93 1418
93 1543
93 1798
93 2021
93 2067
93 2232
93 2516
93 2659
93 2926
93 3097
93 3296
93 3328
93 3675
93 3719
93 3741
93 3820
93 3920
93 3966
93 4187
93 4503
93 4794
94 133
94 241
94 275
94 398
94 472
94 518
94 585
94 659
94 869
94 925
94 1108
94 1157
94 1312
94 1420
94 1434
94 1488
94 1795
94 1863
94 1926
94 1988
94 2073
94 3060
94 3238
94 3347
94 3583
94 4451
94 4493
94 4820
95 435
95 459
95 921
95 2431
95 2465
95 2501
95 2551
95 3139
95 3476
95 3637
95 4184
95 4566
95 4569
95 4575
95 4579
95 4826
95 4997
95 5013
96 151
96 342
96 434
96 478
96 1120
96 1870
96 2047
96 2087
96 2094
96 2148
96 2421
96 2529
96 2539
96 2835
96 2952
96 2968
96 3077
96 3124
96 3501
96 3538
96 3749
96 4872
97 142
97 215
97 231
97 1003
97 1846
97 2046
97 3040
97 4094
98 202
99 161
99 351
99 650
99 746
99 965
99 1255
99 1256
99 1354
99 1478
99 1922
99 2110
99 2121
99 2335
99 2738
99 2839
99 2940
99 2943
99 3232
99 3410
99 3511
99 3551
99 3779
99 3961
99 4039
99 4241
99 4417
99 4453
100 179
100 450
100 1747
100 2051
100 2362
100 2408
100 3162
100 3342
100 3343
100 3739
100 3870
100 4299
100 4485
100 4969
101 135
101 159
101 337
101 375
101 442
101 553
101 672
101 1140
101 1187
101 1336
101 1361
101 1421
101 1463
101 1635
101 1871
101 2042
101 2195
101 2607
101 2936
101 3202
101 3414
101 3840
101 4413
101 5073
102 157
102 165
102 201
102 250
102 263
102 295
102 362
102 369
102 405
102 413
102 489
102 1065
102 2643
102 3502
102 4277
102 4366
102 4452
102 4647
102 5061
103 133
103 305
103 406
103 620
103 691
103 855
103 891
103 1045
103 1185
103 1321
103 1358
103 1452
103 1530
103 1615
103 1679
103 1880
103 1891
103 1957
103 2079
103 2095
103 2144
103 2171
103 2334
103 2403
103 2430
103 2627
103 2863
103 3078
103 3286
103 3453
103 3589
103 3719
103 3790
103 4043
103 4047
103 4430
103 4525
103 4593
104 337
104 364
104 456
104 534
104 927
104 1506
104 1752
104 1941
104 2985
104 3634
104 3639
104 4245
105 386
105 444
105 3249
105 4161
105 4268
105 4467
106 314
106 707
106 803
106 956
106 1069
106 1114
106 1207
106 1402
106 1432
106 1433
106 1613
106 2602
106 2636
106 2768
106 2886
106 2914
106 3593
106 4620
107 634
107 1660
107 2645
108 140
108 261
108 1178
108 1408
108 1651
108 1942
108 2084
108 2294
108 2428
108 2680
108 3825
108 4048
108 4483
108 4585
108 4693
109 3319
109 4518
110 131
110 179
110 263
110 331
110 357
110 476
110 980
110 1512
110 1925
110 2228
110 4996
111 177
111 228
111 358
111 441
111 503
111 757
111 1039
111 1161
111 2397
111 3149
111 3670
111 4678
111 4888
112 114
112 390
112 576
112 1017
112 1257
112 1457
112 1474
112 2872
112 3468
112 3893
112 4480
113 139
113 433
113 521
113 600
113 928
113 2034
113 2856
113 3795
113 3900
113 3974
113 4598
113 4776
113 4804
114 132
114 168
114 205
114 259
114 390
114 409
114 528
114 1219
114 1473
114 1753
114 2000
114 2770
114 2849
114 4078
114 4096
114 4693
115 377
115 653
115 727
115 1544
115 2390
115 2391
115 3323
115 3663
115 3885
115 5000
116 172
116 246
116 2099
117 368
117 375
117 807
117 1010
117 1941
117 3129
117 3173
117 3975
118 150
118 157
118 182
118 194
118 241
118 291
118 294
118 301
118 343
118 404
118 427
118 429
118 434
118 453
118 698
118 1020
118 1240
118 1303
118 1347
118 1405
118 1568
118 1724
118 1764
118 1767
118 1809
118 1847
118 2065
118 2201
118 2267
118 2806
118 2854
118 3166
118 3470
118 3588
118 3862
118 3883
118 3990
118 4107
118 4140
118 4398
118 4470
118 4663
119 686
119 687
119 1294
119 1329
119 1365
119 1383
119 1729
119 2378
119 2497
119 2510
119 3031
119 3610
119 3620
119 3647
119 3932
119 4233
119 4282
119 4563
119 4747
119 4828
120 1208
120 1656
120 2896
120 2989
120 2999
120 3390
121 122
121 152
121 223
121 237
121 261
121 404
121 549
121 801
121 885
121 950
121 1130
121 1376
121 1470
121 1568
121 1809
121 2283
121 2346
121 2454
121 2556
121 2629
121 2821
121 2906
121 2907
121 3000
121 3066
121 3120
121 3183
121 3335
121 3365
121 3559
121 3967
121 4174
121 4474
121 4800
121 4863
121 5002
122 203
122 349
122 417
122 455
122 1331
122 1470
122 1787
122 2107
122 2883
122 2911
122 2981
122 3183
122 3889
122 4691
122 4750
123 140
123 150
123 156
123 169
123 170
123 179
123 218
123 219
123 264
123 277
123 293
123 321
123 323
123 328
123 349
123 363
123 379
123 386
123 405
123 413
123 415
123 417
123 453
123 935
123 964
123 1022
123 1055
123 1249
123 1547
123 1606
123 1926
123 1976
123 2413
123 2456
123 2634
123 2687
123 2717
123 2756
123 3037
123 3782
123 3874
123 4002
123 4044
123 4360
123 4572
123 4612
123 4894
124 282
124 377
124 584
124 819
124 1234
124 1562
124 1612
124 1626
124 1921
124 2048
124 2998
124 3108
124 3823
124 3921
124 4075
124 4848
125 336
125 1026
125 1493
125 1626
125 2998
125 3291
126 132
126 206
126 241
126 1997
126 2089
126 4379
127 358
127 850
127 1234
127 2315
128 3454
128 3469
128 3527
128 3602
128 3673
128 3726
128 3754
128 3925
128 4011
128 4110
128 4274
128 4590
128 4677
128 4753
128 4916
129 172
129 286
129 2388
129 4421
130 250
130 453
130 640
130 768
130 967
130 3663
130 4043
131 331
131 413
131 474
132 4078
132 4105
132 4114
132 4181
132 4269
132 4399
132 4529
132 4545
132 4766
132 4967
133 4249
133 4468
133 4736
134 1165
134 1373
134 1903
134 1905
134 2211
134 2586
134 3575
134 3952
135 197
135 367
135 384
135 793
135 930
135 1033
135 1089
135 1426
135 1695
135 1941
135 2048
135 2288
135 2707
135 2761
135 3434
135 3483
135 3866
135 4542
136 312
136 348
136 396
136 430
136 463
136 507
136 597
136 878
136 1379
136 1702
136 1778
136 2450
136 2528
136 3054
136 3217
136 3231
136 3462
136 3541
136 3814
136 3865
136 3954
136 4358
137 190
137 324
138 172
138 297
138 324
138 413
138 428
138 1856
138 1974
138 2305
138 2426
138 2485
138 2596
138 2919
138 3307
138 3438
138 3520
138 3888
138 4053
138 4271
138 4335
138 4348
138 4599
138 4601
138 4811
139 278
139 336
139 364
139 513
139 791
139 864
139 937
139 1037
139 1141
139 1471
139 1819
139 1884
139 2023
139 2034
139 2488
139 2501
139 2525
139 2571
139 2782
139 3698
139 3918
139 4157
139 4771
139 4914
140 4180
140 4346
140 4557
140 4884
140 5084
141 245
142 213
142 231
142 350
142 437
142 1072
142 1296
142 1927
142 2515
142 2652
142 3155
142 3276
142 3835
142 3955
142 4073
142 4942
143 453
143 462
143 1504
143 3063
144 172
144 246
144 261
144 279
144 297
144 345
144 397
144 789
144 1110
144 1169
144 2057
144 2115
144 2233
144 2281
144 2544
144 2629
144 3000
144 3064
144 3174
144 3479
144 3497
144 3663
144 3765
144 3824
144 3864
144 4041
144 4232
144 4353
144 4420
144 4889
145 169
145 286
145 655
145 1038
145 3491
145 3662
145 4354
145 4560
146 352
146 642
146 1326
146 1515
146 1812
146 2186
146 2234
146 2284
146 2353
146 2436
146 2710
146 3278
146 4026
146 4626
146 4768
146 5021
147 195
147 1282
147 1585
147 2237
147 2479
147 2599
148 194
148 253
148 326
148 423
148 444
148 453
148 1317
148 2243
148 2574
148 2687
148 2869
148 3029
148 3612
148 3867
148 4102
148 4260
148 4363
148 4499
148 4625
148 4639
148 4818
149 485
149 4377
149 4974
150 175
150 188
150 194
150 241
150 242
150 256
150 257
150 291
150 319
150 323
150 333
150 385
150 429
150 652
150 745
150 764
150 935
150 1229
150 1436
150 1754
150 2241
150 2343
150 2379
150 2417
150 2687
150 2762
150 2999
150 3007
150 3011
150 3185
150 3446
150 3449
150 3789
150 4049
150 4291
150 4454
150 4686
150 4826
150 4868
150 4966
150 5057
151 205
151 252
151 293
151 309
151 328
151 536
151 1093
151 1206
151 1709
151 1891
151 1910
151 2045
151 2175
151 2469
151 2492
151 2532
151 2735
151 2933
151 3102
151 3264
151 3483
151 3595
151 3693
151 3749
151 3950
151 4000
151 4738
151 4783
151 4879
152 323
152 415
152 806
152 809
152 1080
152 1220
152 1715
152 2446
152 2454
152 2783
152 2839
152 3074
152 3481
152 3665
152 3777
152 4174
152 4645
153 1049
153 1912
153 2005
153 2238
153 2610
153 2889
153 3720
153 4390
153 4556
153 4760
153 4993
154 338
154 1825
154 1829
154 2157
154 3541
154 3585
154 3607
154 3678
154 3795
154 3900
154 5013
155 364
155 424
155 582
155 1051
155 1121
155 1557
155 1648
155 1662
155 1816
155 1905
155 2128
155 2150
155 2995
155 3070
155 3077
155 3100
155 3149
155 3287
155 3355
155 3677
155 3681
155 3696
155 3845
155 3859
155 4089
155 4123
155 4386
155 4777
156 165
156 169
156 218
156 256
156 257
156 264
156 270
156 357
156 363
156 379
156 472
156 867
156 935
156 1150
156 1325
156 1413
156 1431
156 1453
156 1992
156 2325
156 2456
156 2687
156 2756
156 3089
156 3452
156 3737
156 3782
156 3789
156 3874
156 4686
156 4988
157 4802
157 4874
157 4885
157 4912
157 4931
157 4955
157 4962
157 5015
158 215
158 337
158 456
158 1261
158 1582
158 1752
158 2484
158 2539
158 3429
158 3657
159 200
159 281
159 305
159 337
159 393
159 416
159 461
159 540
159 889
159 913
159 985
159 1285
159 1352
159 1496
159 1550
159 1661
159 1684
159 1840
159 1882
159 2000
159 2311
159 2348
159 2722
159 2970
159 3104
159 3110
159 3202
159 3287
159 3387
159 3429
159 3480
159 3557
159 3603
159 3985
159 4167
159 4311
159 4313
159 4413
159 4570
159 4837
159 4906
159 4986
159 5062
160 2236
161 351
161 1486
162 176
162 824
162 1783
162 2088
162 2374
162 2673
162 2689
162 2829
162 3558
162 3784
162 3895
162 4163
162 4456
162 5009
163 563
163 606
163 614
163 617
163 703
163 942
163 1081
163 1234
163 1283
163 1400
163 1468
163 1591
163 1889
163 1893
163 2271
163 2287
163 2370
163 2435
163 2785
163 2788
163 2885
163 2897
163 3068
163 3149
163 3183
163 3393
163 3652
163 4010
163 4110
163 4191
163 4285
163 4422
163 4698
163 5005
164 450
165 201
165 250
165 295
165 357
165 377
165 4277
166 236
166 566
166 631
166 683
166 1092
166 1121
166 1901
166 2591
166 3208
166 3443
166 4086
166 4195
166 4196
166 4561
166 4616
166 4641
167 1071
168 177
168 179
168 259
168 297
168 301
168 377
168 378
168 390
168 635
168 745
168 795
168 945
168 1351
168 1532
168 1713
168 1913
168 2067
168 2235
168 2371
168 2465
168 2534
168 2664
168 3142
168 3264
168 3656
168 3798
168 3815
168 3892
168 3986
168 4110
168 4116
168 4841
168 4929
168 4982
168 5078
169 218
169 219
169 244
169 247
169 253
169 264
169 277
169 309
169 321
169 344
169 357
169 363
169 379
169 436
169 449
169 453
169 472
169 482
169 828
169 1249
169 1374
169 1644
169 1720
169 1898
169 2413
169 2419
169 2687
169 2864
169 3502
169 4360
169 4444
169 4647
169 4756
170 250
170 277
170 297
170 323
170 362
170 405
170 453
170 827
170 1502
170 2098
170 2543
170 3446
170 3769
170 4014
170 4526
171 238
171 275
171 327
171 375
171 381
171 401
171 420
171 445
171 994
171 1000
171 1286
171 1516
171 1519
171 1687
171 2522
171 2644
171 3057
171 3401
171 3402
171 4537
171 4654
172 246
172 261
172 275
172 286
172 297
172 301
172 323
172 338
172 345
172 357
172 362
172 377
172 392
172 397
172 405
172 413
172 428
172 432
172 436
172 453
172 1204
172 1222
172 1748
172 1856
172 2289
172 2309
172 2316
172 2369
172 2383
172 2844
172 3190
172 3218
172 3406
172 3506
172 4166
172 4342
172 4351
172 4466
172 4526
172 4773
173 450
173 2875
173 3118
173 3429
173 4346
173 4637
174 361
174 442
174 466
174 572
174 607
174 1438
174 1638
174 1749
174 1811
174 1859
174 1877
174 1928
174 2023
174 2030
174 2143
174 2166
174 2203
174 2533
174 2547
174 2725
174 2775
174 3226
174 3663
174 3774
174 3885
174 4003
174 4121
174 4302
174 4776
174 4825
174 4844
174 4853
174 4999
175 241
175 333
175 470
175 745
175 1148
175 1324
175 2289
175 2762
175 4773
176 1446
176 1490
176 1725
176 2703
176 3842
176 3943
177 310
177 377
177 384
177 413
177 474
177 967
177 2000
177 2529
177 3292
177 3589
177 3608
177 3609
177 3911
178 377
178 592
178 1680
178 1878
178 1973
178 2282
178 2772
178 2812
178 2850
178 3970
178 4281
178 4467
178 4713
178 4981
179 4810
179 4816
179 4824
179 4846
179 4909
179 4922
179 4937
179 4949
179 4953
179 4982
179 5029
179 5076
180 425
180 520
180 3697
181 188
181 262
181 1227
181 1511
181 1682
181 1980
181 1982
181 2375
181 2632
181 2828
181 2961
181 2980
181 3395
181 3408
181 4117
181 4222
181 4447
183 381
183 437
183 685
183 900
183 1543
183 1797
183 2154
183 2303
183 2450
183 2911
183 3053
183 3062
183 3183
183 3702
183 3783
183 4243
184 1328
184 2101
184 4267
184 5079
185 3584
186 188
186 194
186 262
186 363
186 701
186 963
186 1180
186 1247
186 1436
186 1469
186 1525
186 1887
186 2029
186 2481
186 3011
186 3185
186 4107
186 4550
186 4697
187 227
188 4394
188 4500
188 4692
188 4861
188 4950
189 192
189 643
189 1005
189 1830
189 2466
189 2518
189 2599
189 3033
189 3171
189 3509
189 3785
189 3944
189 4053
189 4655
190 222
190 4870
191 380
191 647
191 2604
191 2758
191 3096
192 4988
192 5051
192 5061
193 205
193 293
193 536
193 745
193 1325
193 1491
193 1868
193 2252
193 2254
193 2268
193 2290
193 2372
193 2443
193 3298
193 3446
193 3591
193 4467
193 4851
193 4988
193 5023
194 257
194 319
194 429
194 453
194 730
194 745
194 963
194 1436
194 1655
194 1656
194 1732
194 2024
194 2029
194 2075
194 2227
194 2687
194 2867
194 3011
194 3579
194 3789
194 3915
194 4107
194 4550
194 4686
194 4697
194 4868
195 1152
195 1223
195 1289
195 1310
195 1407
195 1565
195 1924
195 2183
195 2237
195 2263
195 2497
195 2620
195 2853
195 2937
195 3396
195 3590
195 4120
195 4153
195 4622
195 4856
195 4904
196 334
196 843
196 1459
196 2068
196 2370
196 4258
196 4780
197 384
197 498
197 595
197 787
197 793
197 825
197 930
197 1044
197 1149
197 1392
197 1406
197 1770
197 2668
197 2802
197 2873
197 2899
197 3483
197 3612
197 3933
197 3978
197 4048
197 4221
197 4913
198 316
198 323
198 419
198 582
198 1450
198 1518
199 851
199 990
199 1099
199 1242
199 1323
199 1965
199 2633
199 2676
199 3744
200 281
200 318
200 341
200 343
200 352
200 442
200 1661
200 3929
200 4176
201 263
201 277
201 362
201 667
201 788
201 1204
201 1292
201 1686
201 2352
201 2526
201 2635
201 2643
201 2765
201 2879
201 3079
201 3214
201 3517
201 4071
201 4277
201 4582
201 4767
201 4876
202 329
202 526
202 919
202 1608
202 1887
202 2046
202 2290
202 2325
202 2340
202 2516
202 2593
202 2594
202 3074
202 3089
202 3206
202 3883
202 4634
202 4787
202 5005
203 2550
203 2560
203 2647
203 2866
203 2902
203 2920
203 2931
203 2973
203 2982
203 3055
203 3237
203 3289
203 3373
203 3386
203 3508
203 3589
203 3638
203 3668
203 3709
203 3738
203 3806
203 3894
203 3926
203 3939
203 3983
203 4087
203 4123
203 4144
203 4259
203 4402
203 4475
203 4516
203 4598
203 4611
203 4634
203 4812
203 4815
203 4866
203 4887
204 424
204 538
204 568
204 790
204 826
204 975
204 983
204 1058
204 1160
204 1233
204 1300
204 1461
204 1520
204 1580
204 1837
204 2072
204 2293
204 2406
204 2415
204 2438
204 2530
204 2682
204 2750
204 2800
204 3302
204 3399
204 3412
204 3841
204 3941
204 4060
204 4118
204 4671
204 4762
205 293
205 444
205 478
205 504
205 536
205 721
205 780
205 1177
205 1491
205 1854
205 2074
205 2198
205 2371
205 2770
205 2805
205 2814
205 2907
205 2975
205 3364
205 3446
205 3510
205 3643
205 3749
205 3803
205 4002
205 4016
205 4080
205 4202
205 4223
205 4738
205 5037
206 241
206 254
206 271
206 1480
206 1874
206 1961
206 2504
206 2631
206 2667
206 2910
206 3112
206 3374
206 4031
207 359
207 377
207 407
207 449
207 453
207 981
207 1086
207 1608
207 1892
207 1928
207 2025
207 2030
207 2529
207 2539
207 3028
207 3045
207 3250
207 3413
207 4103
207 4491
207 4693
207 4985
207 4992
207 5061
207 5078
208 224
208 248
208 637
208 877
208 2794
208 4169
208 4342
208 4351
209 1085
210 241
210 277
210 317
210 527
210 648
210 801
210 866
210 1053
210 1106
210 1125
210 1138
210 1202
210 1428
210 1435
210 1849
210 2140
210 2167
210 2168
210 2251
210 2306
210 2362
210 2721
210 2841
210 3074
210 3172
210 3363
210 3695
210 3991
210 4006
210 4927
210 4939
210 4940
210 5041
212 383
212 389
212 1048
212 1109
212 1730
212 2202
212 2617
212 2744
212 3301
212 3305
212 3771
212 4022
212 4924
213 231
213 1267
213 1553
213 1836
213 2226
213 2458
213 2459
213 2905
213 3533
213 3929
213 4203
213 4206
213 4459
213 4496
213 4728
214 1979
214 2276
214 3458
215 337
215 346
215 442
215 672
215 1910
215 1923
215 2298
215 2429
215 2496
215 2955
215 3049
215 3059
215 3147
215 3300
215 3387
215 3929
215 4032
215 4413
215 5088
216 1522
217 288
217 933
217 1403
217 2359
217 2927
217 5006
218 256
218 257
218 264
218 319
218 321
218 363
218 379
218 453
218 470
218 472
218 583
218 1111
218 1179
218 1180
218 1307
218 1431
218 1588
218 1656
218 1673
218 2029
218 2299
218 2321
218 2389
218 2413
218 2687
218 2700
218 2756
218 2762
218 2929
218 3007
218 3011
218 3114
218 3160
218 3395
218 3552
218 3674
218 3766
218 3789
218 3802
218 3867
218 3949
218 4044
218 4512
218 4692
218 4703
219 277
219 379
219 914
219 1113
219 1703
219 1721
219 1888
219 2216
219 2358
219 3213
219 3377
219 3605
219 3821
219 4539
219 4721
220 4946
221 1850
221 2453
221 2511
221 2604
221 2771
221 4683
222 1464
222 1990
222 2474
222 2781
222 4701
223 261
224 225
224 248
224 383
224 430
224 434
224 539
224 545
224 637
224 676
224 704
224 820
224 877
224 988
224 1003
224 1006
224 1251
224 1622
224 2172
224 2187
224 2193
224 2341
224 2372
224 2639
224 2737
224 3083
224 3220
224 3241
224 3242
224 3243
224 3309
224 3314
224 4169
224 4203
224 4336
224 4340
224 4342
224 4351
224 4369
224 4383
224 4600
224 4650
224 5040
226 336
226 433
226 458
226 477
226 513
226 706
226 771
226 796
226 917
226 1070
226 1170
226 1395
226 1620
226 1726
226 1731
226 1750
226 1873
226 1909
226 2032
226 2037
226 2164
226 2206
226 2386
226 2397
226 2792
226 2838
226 2971
226 3176
226 3516
226 3810
226 3913
226 4054
226 4108
226 4243
226 4446
226 4541
226 4583
226 4725
226 4888
226 5071
226 5092
227 387
227 804
227 2540
227 2573
227 3788
227 4091
227 4801
228 322
228 441
228 559
228 591
228 881
228 1156
228 1475
228 1934
228 1952
228 2060
228 2191
228 2435
228 2471
228 2855
228 2922
228 3081
228 3196
228 3333
228 3398
228 4025
228 4976
229 293
229 336
229 599
229 789
229 986
229 1029
229 1032
229 1188
229 1654
229 2209
229 2396
229 2855
229 3659
229 3829
229 3873
229 3876
229 3947
229 3977
230 546
230 636
230 661
230 882
230 2915
230 3405
230 4473
230 4664
230 4786
231 425
231 561
231 717
231 765
231 1003
231 1222
231 1286
231 1382
231 1423
231 1553
231 1915
231 2194
231 2226
231 2322
231 2507
231 2522
231 3039
231 3040
231 3099
231 3533
231 3542
231 4332
231 4334
231 4338
231 4383
231 4457
231 4586
232 345
232 1164
232 2649
232 4311
232 4717
232 5045
233 424
233 887
233 1026
233 2208
233 2957
233 3042
233 3308
233 4699
233 4770
234 326
234 356
234 657
234 866
234 1133
234 1163
234 1541
234 1718
234 1755
234 1834
234 1886
234 1910
234 1929
234 1944
234 2895
234 3001
234 3251
234 3525
234 3964
234 3965
234 4331
234 4673
234 4797
234 4948
235 358
235 908
235 4116
237 250
237 274
237 297
237 357
237 436
237 449
237 954
237 1353
237 1431
237 1470
237 1529
237 1536
237 2381
237 2487
237 3010
237 3267
237 3385
237 3519
237 3524
237 3624
237 3885
237 5049
237 5063
238 337
238 375
238 381
238 1003
238 1553
238 1843
238 1964
238 2277
238 2736
238 2960
238 3109
238 4088
238 4456
238 4507
238 4602
238 5016
239 294
239 312
239 363
239 425
239 459
239 719
239 915
239 926
239 1058
239 1064
239 1091
239 1345
239 1510
239 1598
239 1674
239 1722
239 1786
239 2222
239 2343
239 2713
239 2772
239 3204
239 3362
239 3477
239 3611
239 3633
239 3740
239 3880
239 4515
239 4741
239 4873
239 5022
240 241
240 271
240 302
240 512
240 551
240 802
240 1217
240 1220
240 1388
240 1528
240 1887
240 2112
240 2304
240 2422
240 2670
240 2732
240 3168
240 3354
240 3431
240 3503
240 3689
240 3968
240 4038
240 4265
240 4394
240 4819
240 4821
240 4893
240 4954
240 4955
241 4867
242 323
242 385
242 1158
242 1216
242 1484
242 2670
242 3442
242 3775
242 4314
243 312
244 277
244 357
244 954
244 1577
244 1618
244 2018
244 2188
244 2542
244 3417
244 4234
244 4881
245 280
245 1398
245 1439
245 2673
245 2695
245 3048
245 3461
245 3810
245 4573
246 297
246 323
246 357
246 392
246 397
246 1034
246 1139
246 2099
246 3027
246 3450
246 4166
246 4342
246 4773
247 318
247 323
247 351
247 357
247 376
247 405
247 415
247 436
247 747
247 748
247 1189
247 1255
247 1614
247 1650
247 1666
247 1861
247 1935
247 2015
247 2195
247 2304
247 2326
247 2843
247 2875
247 3142
247 3156
247 3219
247 3304
247 3351
247 3429
247 3506
247 3528
247 3623
247 3624
247 4011
247 4028
247 4235
247 4309
247 4526
247 4534
247 4877
248 530
248 660
248 1975
248 2519
248 2811
248 3568
248 3776
248 4455
248 5030
248 5083
249 302
249 402
249 481
249 785
249 1082
249 1297
249 1831
249 1853
249 2476
249 2500
249 2881
249 3035
249 3372
249 3482
249 3793
249 3998
249 4214
249 4296
249 4860
250 277
250 295
250 309
250 323
250 344
250 357
250 369
250 449
250 453
250 472
250 511
250 619
250 640
250 880
250 899
250 954
250 964
250 1788
250 1792
250 2160
250 2344
250 2533
250 2950
250 3030
250 3085
250 3581
250 3834
250 3960
250 4160
250 4224
250 4263
250 4356
250 4376
250 4522
250 4746
250 4871
250 4900
250 5061
251 413
251 450
251 3459
252 328
252 531
252 754
252 857
252 1018
252 1105
252 1126
252 1131
252 1173
252 1197
252 1437
252 1535
252 1617
252 1625
252 1677
252 1866
252 2145
252 2182
252 2244
252 2407
252 2439
252 2472
252 2724
252 2745
252 2842
252 3316
252 3317
252 3329
252 3356
252 3381
252 3687
252 3776
252 3812
252 4104
252 4236
252 4305
252 4743
252 4792
252 4793
252 4983
252 5052
253 264
253 453
253 874
253 934
253 964
253 1273
253 1346
253 1547
253 2036
253 2224
253 2447
253 2825
253 2864
253 3164
253 3560
253 4179
253 4242
253 4260
253 4895
254 4300
255 430
255 586
255 709
255 906
255 1890
255 2044
255 2354
255 2677
255 3366
255 3795
255 3887
255 4154
255 4278
255 4326
255 4598
256 257
256 264
256 319
256 387
256 472
256 1311
256 2389
256 2521
256 3007
256 3465
256 3649
256 4564
256 4703
257 264
257 319
257 472
257 1311
257 2059
257 2106
257 2269
257 2389
257 2521
257 3007
257 3185
257 3789
257 3915
257 4454
257 4564
257 4703
257 5081
258 288
258 366
258 713
258 753
258 863
258 968
258 1060
258 1280
258 1368
258 1451
258 1609
258 1645
258 1653
258 1773
258 1810
258 1996
258 2036
258 2289
258 2366
258 2688
258 3064
258 3075
258 3324
258 3334
258 3380
258 3497
258 3701
258 3724
258 4042
258 4215
258 4365
258 4375
258 4578
258 4580
258 4582
258 5019
258 5050
259 337
259 390
259 557
259 854
259 3245
260 270
260 272
260 469
260 1098
260 1107
260 1539
260 1910
260 2253
260 2748
260 2819
260 4033
260 4478
260 4751
260 4925
260 4956
260 5043
261 1408
261 2629
261 3010
261 3088
262 548
262 628
262 884
262 911
262 1103
262 1142
262 1180
262 1391
262 1410
262 1436
262 1651
262 1656
262 1675
262 1682
262 1759
262 1818
262 1982
262 1991
262 2004
262 2029
262 2196
262 2205
262 2220
262 2455
262 2581
262 2597
262 2876
262 2932
262 2980
262 2997
262 3011
262 3115
262 3379
262 3395
262 3408
262 3415
262 3424
262 3745
262 4012
262 4021
262 4183
262 4289
262 4434
262 4530
262 4615
262 4684
262 4692
262 4861
263 331
263 357
263 810
263 1431
263 1594
263 2093
263 2102
263 2643
263 3019
263 3506
263 3848
263 4051
263 4435
263 4441
263 4647
263 4932
263 4996
264 309
264 319
264 357
264 379
264 453
264 472
264 693
264 1249
264 2389
264 2413
264 2419
264 2687
264 2864
264 3007
264 3164
264 3490
264 3766
264 3789
264 3936
264 4044
264 4360
264 4703
265 624
265 731
265 1499
265 2461
265 2486
265 2918
265 3237
265 4004
265 4863
266 3091
266 4270
268 981
268 3228
268 4643
269 624
269 1040
269 1570
269 1624
269 1745
269 1955
269 1986
269 2140
269 2167
269 2690
269 2723
269 3134
269 3353
269 3460
269 4011
269 4145
269 4164
270 272
270 386
270 429
270 469
270 769
270 1534
270 2325
270 2357
270 2549
270 2999
270 4454
270 4686
270 4801
270 5056
270 5081
271 4038
271 4396
271 4608
271 4790
271 4819
271 5086
272 291
272 387
272 469
272 1534
272 1860
272 2521
272 2595
272 4454
272 4839
272 5043
272 5056
273 309
273 413
273 1238
273 1696
273 1862
273 2018
273 2090
273 2954
273 3105
273 3453
274 781
274 1353
274 1481
274 1538
274 2242
274 2296
274 2314
274 2460
274 2810
274 2859
274 2878
274 3642
274 3650
274 3682
274 3917
274 4113
274 4209
274 4472
274 4652
274 4791
274 5024
275 3376
275 3446
275 3508
275 3509
275 3532
275 3597
275 3796
275 3857
275 3907
275 3911
275 4036
275 4038
275 4076
275 4392
275 4526
275 4574
275 4614
275 4660
275 4783
275 4819
275 4866
275 4955
275 4965
275 5065
275 5075
276 461
276 496
276 622
276 708
276 838
276 858
276 1516
276 1785
276 2080
276 2394
276 2614
276 3057
276 3822
276 3943
276 4127
276 4576
276 4681
276 4837
276 4968
277 325
277 344
277 357
277 397
277 415
277 1189
277 1431
277 1668
277 1894
277 2018
277 2229
277 2332
277 2465
277 2499
277 3436
277 3758
277 3899
277 4361
277 4364
277 4437
277 4554
277 4647
277 4818
278 923
278 1146
278 1236
278 2776
278 2822
278 2852
278 3181
278 3698
278 3974
278 4823
278 4855
279 397
279 492
279 594
279 760
279 761
279 1013
279 1571
279 1621
279 1678
279 1779
279 1907
279 2233
279 2316
279 2536
279 2663
279 2704
279 2883
279 3088
279 3126
279 3497
279 3653
279 3725
279 3753
279 4040
279 4199
279 4221
279 4901
280 435
280 726
280 830
280 973
280 1071
280 1191
280 1950
280 2646
280 2664
280 2709
280 3461
280 3946
280 4576
281 337
281 375
281 442
281 1661
281 2616
282 323
282 415
282 466
282 581
282 632
282 693
282 819
282 820
282 898
282 1057
282 1250
282 1542
282 2570
282 2919
282 2938
282 3008
282 3218
282 4149
282 4343
282 4395
282 4494
282 5025
283 397
283 705
283 713
283 1856
283 1987
283 1989
283 2137
283 2356
283 2474
283 3010
283 3183
283 3322
283 3437
283 3630
283 3729
284 387
284 429
284 444
284 2179
285 645
285 670
285 694
285 1041
285 1083
285 1250
285 1291
285 1371
285 1427
285 1633
285 2179
285 2328
285 2558
285 2882
285 2888
285 2891
285 2935
285 2951
285 3246
285 3247
285 3357
285 3817
285 4219
285 4400
285 4432
285 4604
285 4605
285 4646
286 345
286 447
286 723
286 1501
286 2246
286 2823
286 3231
286 4362
286 4567
286 5014
287 375
287 486
287 602
287 1574
287 1635
287 2578
287 2674
287 2685
287 3143
287 3195
287 3257
287 3664
287 4029
287 4380
288 340
288 422
288 454
288 818
288 833
288 853
288 863
288 924
288 941
288 1011
288 1078
288 1085
288 1343
288 1411
288 1460
288 1548
288 1714
288 1845
288 2022
288 2308
288 2583
288 2808
288 2865
288 2959
288 3056
288 3119
288 3255
288 3838
288 3879
288 4070
288 4198
288 4238
288 4303
288 4324
288 4553
288 4653
288 4843
289 411
289 2049
289 2056
289 2568
289 3929
290 578
290 993
290 1258
290 1409
290 1771
290 1837
290 2449
290 2458
290 3133
290 3645
290 3881
290 4065
290 4151
290 4495
291 434
291 1855
291 2007
291 2123
291 2267
291 3449
291 4015
291 4869
292 318
292 352
292 440
292 488
292 725
292 795
292 862
292 868
292 896
292 1112
292 1199
292 1228
292 1306
292 1337
292 1380
292 1390
292 1482
292 1828
292 2398
292 2467
292 2747
292 2943
292 3284
292 3455
292 3475
292 3513
292 3690
292 3768
292 3843
292 3852
292 4001
292 4097
292 4146
292 4211
292 4218
292 4323
292 4587
292 4617
292 4689
292 4777
293 318
293 354
293 356
293 407
293 444
293 478
293 536
293 721
293 766
293 948
293 955
293 1029
293 1374
293 1452
293 1472
293 1668
293 1720
293 2139
293 2200
293 2239
293 2261
293 2712
293 2730
293 2773
293 2815
293 2848
293 2907
293 2979
293 3071
293 3186
293 3188
293 3446
293 3483
293 3493
293 3538
293 3699
293 3749
293 3786
293 3947
293 3994
293 4007
293 4081
293 4213
293 4469
293 4720
293 4724
293 4917
293 5037
294 301
294 304
294 378
294 396
294 413
294 434
294 447
294 450
294 904
294 1353
294 1807
294 2214
294 2343
294 2363
294 2671
294 3477
294 4538
294 4834
294 4897
296 3324
297 345
297 377
297 384
297 397
297 436
297 1275
297 1928
297 2073
297 2715
297 3451
297 3479
297 3497
297 4715
297 4783
297 4902
298 1659
298 2799
298 2908
298 2964
298 3154
298 3844
299 345
299 644
299 1016
299 1540
299 3389
299 4127
300 362
300 415
300 424
300 1076
300 1230
300 1386
300 1489
300 1851
300 2678
300 4063
300 4413
300 5018
301 304
301 342
301 434
301 556
301 741
301 745
301 1272
301 1806
301 2596
301 3034
301 3199
301 3477
301 4142
301 4228
301 4411
302 402
302 481
302 512
302 550
302 692
302 836
302 874
302 957
302 1389
302 1476
302 1509
302 1515
302 1593
302 1639
302 1647
302 1802
302 1808
302 2151
302 2170
302 2189
302 2190
302 2351
302 2409
302 2498
302 2576
302 2672
302 2824
302 2884
302 2894
302 3235
302 3359
302 3392
302 3463
302 3577
302 3727
302 3759
302 4038
302 4137
302 4401
302 4479
302 4729
302 4821
302 4891
302 4945
303 393
303 553
303 720
303 924
303 945
303 1040
303 1209
303 1968
303 2709
303 2798
303 3151
303 3346
303 4061
303 4644
303 4890
304 777
304 1030
304 1058
304 2599
304 2809
304 2857
304 2858
304 3061
304 3137
304 3175
304 3477
304 3644
304 4805
304 4930
304 5017
305 3747
305 3825
305 3868
305 4213
305 4585
305 4593
305 4693
305 4796
305 4972
305 5059
305 5060
306 307
306 401
306 672
306 1175
306 1635
306 1902
306 2006
306 2425
306 2567
306 2871
306 3092
306 3103
306 3547
306 3713
306 3734
306 3836
306 4061
306 4195
307 401
307 672
307 1619
307 1902
307 3554
307 3836
307 3869
308 367
308 375
308 443
308 1962
308 2251
308 2420
308 3205
309 331
309 357
309 361
309 369
309 379
309 453
309 457
309 500
309 552
309 671
309 677
309 899
309 954
309 1021
309 1274
309 1698
309 1882
309 1914
309 2090
309 2175
309 2245
309 2518
309 2533
309 2547
309 2554
309 2825
309 2954
309 3165
309 3221
309 3264
309 3318
309 3371
309 3453
309 3502
309 3506
309 3509
309 3581
309 3790
309 4053
309 4160
309 4374
309 4441
309 4532
309 4558
309 4628
309 4647
309 5061
309 5093
310 2790
310 3215
310 3425
310 3608
310 3875
311 350
311 909
311 1203
311 1628
311 1966
311 2100
311 2256
311 2640
311 2739
311 3433
312 328
312 348
312 353
312 364
312 395
312 400
312 662
312 735
312 755
312 1035
312 1077
312 1559
312 1607
312 1702
312 1707
312 1772
312 1778
312 1824
312 1883
312 2122
312 2264
312 2401
312 2480
312 2489
312 2698
312 2809
312 2901
312 3230
312 3338
312 3462
312 3498
312 3592
312 3668
312 3900
312 3927
312 4005
312 4011
312 4106
312 4538
312 4774
312 4867
312 4880
312 4942
313 623
313 932
313 996
313 1159
313 1313
313 1377
313 1631
313 2184
313 2256
313 2386
313 2601
313 2988
313 3017
313 3266
313 3685
313 3794
313 4182
313 4389
313 4674
314 337
314 375
314 381
314 431
314 442
314 674
314 814
314 1332
314 1334
314 1756
314 2584
314 2624
314 2684
314 2948
314 3057
314 3680
315 1466
315 1477
315 1585
315 1663
315 2077
315 2092
315 2217
315 3118
315 3480
315 4589
315 4731
315 5087
316 419
316 1681
317 648
317 744
317 782
317 805
317 886
317 888
317 1134
317 1593
317 1734
317 1858
317 2033
317 3032
317 3050
317 3149
317 3271
317 3347
317 3996
317 4757
318 5042
319 333
319 387
319 429
319 652
319 745
319 963
319 1281
319 1309
319 1505
319 1656
319 2059
319 2075
319 2104
319 2258
319 2269
319 2325
319 2687
319 2999
319 3185
319 3263
319 3766
319 3789
319 3915
319 4179
319 4454
319 4686
319 5081
320 2215
320 2771
321 342
321 379
321 453
321 482
321 738
321 1549
321 1566
321 2853
321 3136
321 3237
321 3891
321 4438
322 454
322 2868
322 3210
322 3487
323 4317
323 4393
323 4435
323 4484
323 4489
323 4784
323 4789
323 4877
323 4957
324 344
324 431
324 432
324 842
324 1293
324 1339
324 1823
324 1838
324 2185
324 2324
324 2331
324 2344
324 2426
324 2523
324 2693
324 2830
324 2833
324 3000
324 3209
324 3506
324 3851
324 4333
324 4335
324 4348
324 4352
325 415
325 997
325 1189
325 2332
325 3525
325 3758
326 356
326 387
326 657
326 1132
326 1153
326 1945
326 2457
326 2817
326 3001
326 3540
326 3596
326 4116
326 4173
327 1277
327 1801
328 379
328 493
328 556
328 1012
328 1378
328 1443
328 1657
328 1885
328 2199
328 2612
328 2634
328 2804
328 2941
328 3102
328 3268
328 3416
328 3432
328 4517
328 4619
329 1144
329 1180
329 1547
329 1854
329 1857
329 2207
329 2393
329 2520
329 2582
329 2593
329 2594
329 3106
329 3240
329 3806
329 4231
329 4312
329 4396
329 4412
329 4443
330 337
330 2538
331 357
331 359
331 421
331 476
331 774
331 1194
331 1315
331 1320
331 1842
331 2000
331 2094
331 2681
331 2694
331 2755
331 2952
331 3033
331 3290
331 3691
331 4593
331 4687
331 4928
331 4971
331 4972
331 5059
332 400
332 447
332 929
332 992
332 1002
332 1308
332 1314
332 1495
332 1600
332 1659
332 2055
332 2218
332 2249
332 2329
332 2651
332 2746
332 3055
332 4278
332 4675
332 4928
332 4998
332 5067
333 470
333 652
333 745
333 1148
333 2687
333 2762
333 3945
334 399
334 758
334 800
334 1048
334 1192
334 1198
334 1201
334 1231
334 2617
334 2793
334 2942
334 3005
334 3006
334 3253
334 3760
334 4225
334 4247
334 4450
334 4462
334 4544
334 4776
334 4781
334 4978
335 394
335 415
335 453
335 509
335 693
335 718
335 1054
335 1119
335 1195
335 1318
335 1458
335 1826
335 1897
335 2054
335 2361
335 2675
335 2696
335 3142
335 3735
335 3748
335 3791
335 3948
335 3993
335 4058
335 4138
335 4171
335 4290
335 4318
335 4490
335 4784
335 4789
335 4802
335 4957
335 5009
336 400
336 616
336 794
336 852
336 872
336 3787
336 4207
336 4424
336 4808
336 4809
337 364
337 372
337 375
337 382
337 390
337 393
337 416
337 420
337 424
337 442
337 461
337 468
337 506
337 540
337 674
337 733
337 767
337 938
337 1001
337 1135
337 1239
337 1243
337 1262
337 1276
337 1279
337 1341
337 1369
337 1610
337 1640
337 1833
337 1839
337 2158
337 2410
337 2490
337 2608
337 2616
337 2679
337 2754
337 3202
337 3421
337 3686
337 3767
337 3971
337 4122
337 4162
337 4319
337 4523
339 695
339 1612
339 2083
339 2327
339 2508
339 3799
339 3886
339 4636
340 357
340 514
340 638
340 890
340 905
340 984
340 1360
340 1526
340 2156
340 2285
340 2513
340 2524
340 2585
340 2752
340 2890
340 2959
340 3026
340 3141
340 3197
340 3371
340 3406
340 3411
340 3582
340 4071
340 4115
340 4322
340 4397
340 4448
340 4461
340 4540
340 4633
340 4653
340 4758
340 4803
340 5003
340 5077
341 352
342 478
342 556
342 1393
342 1452
342 1649
342 1742
342 1743
342 1870
342 2278
342 2421
342 2835
342 2944
342 2968
342 3043
342 3116
342 3603
342 3684
342 3943
342 3985
342 4208
342 4294
342 4693
343 404
343 424
343 468
343 856
343 1025
343 3016
343 3211
343 4284
343 4428
343 4429
343 4795
343 4837
344 357
344 436
344 453
344 901
344 1491
344 1823
344 2282
344 2733
344 2826
344 3980
344 4783
344 4988
344 5065
345 609
345 786
345 812
345 1995
345 2073
345 2431
345 3227
345 3938
345 4829
346 401
346 425
346 445
346 672
346 2166
346 3203
346 3826
346 4192
346 4195
346 4307
346 4651
347 405
347 406
347 413
347 495
347 821
347 1287
347 1758
347 2566
347 3191
347 3553
347 3567
347 3572
347 3573
347 3587
347 3589
347 4046
347 4631
348 400
348 3024
348 3544
348 4407
348 4594
348 4598
349 379
349 417
349 1226
349 2161
349 2981
349 3303
349 4638
349 4921
350 351
350 413
350 428
350 435
350 437
350 450
350 455
350 466
350 539
350 597
350 673
350 962
350 1931
350 1936
350 1967
350 2078
350 2223
350 2590
350 2759
350 2831
350 3018
350 3313
350 3491
350 3507
350 3598
350 3626
350 4308
350 4349
350 4350
350 4371
350 4431
350 5027
350 5070
351 627
351 710
351 1014
351 1094
351 1255
351 1256
351 1614
351 2048
351 2117
351 2121
351 2749
351 2875
351 3132
351 3375
351 3712
351 4534
351 4833
351 4919
352 472
352 1155
352 1255
352 1256
352 1270
352 1595
352 1601
352 1614
352 2452
352 2535
352 2598
352 2875
352 3344
352 3495
352 3614
352 3623
352 3716
352 4001
352 4463
352 4534
352 5021
353 1735
353 2046
353 2912
353 2966
353 3167
353 3478
353 3497
353 3654
353 3692
353 3903
353 4977
354 356
354 425
354 435
354 478
354 752
354 766
354 905
354 906
354 1023
354 1205
354 1351
354 1497
354 1573
354 1604
354 1708
354 1911
354 2200
354 2342
354 2458
354 2992
354 3041
354 4213
354 4847
354 4917
355 461
355 849
355 879
355 1670
355 1688
355 1800
356 387
356 478
356 766
356 1031
356 1040
356 1074
356 1258
356 1634
356 1668
356 1727
356 1833
356 1945
356 1968
356 2239
356 2457
356 2861
356 3001
356 3107
356 3474
356 3540
356 3596
356 3669
356 3742
356 4696
357 4526
357 4532
357 4633
357 4647
357 4902
357 4932
357 4996
357 5061
358 441
358 522
358 683
358 1234
358 1523
358 1969
358 2020
358 2232
358 2270
358 2273
358 2319
358 2463
358 2583
358 2618
358 2847
358 3161
358 3197
358 3269
358 3296
358 3407
358 3631
358 3947
358 4010
358 4090
358 4849
358 5080
359 407
359 421
359 801
359 1066
359 1068
359 1086
359 1194
359 1284
359 1288
359 1320
359 1330
359 1414
359 1642
359 1672
359 1705
359 1762
359 1852
359 1875
359 1882
359 1906
359 1960
359 1985
359 2000
359 2030
359 2094
359 2142
359 2294
359 2516
359 2539
359 2755
359 2952
359 2963
359 3033
359 3508
359 3603
359 3666
359 3868
359 3979
359 4165
359 4593
359 4693
359 5078
360 864
360 1248
360 3063
360 4732
360 4808
360 5089
361 556
361 684
361 703
361 1448
361 1560
361 1822
361 2030
361 2533
361 2903
361 2984
361 3464
361 3684
362 406
362 415
362 424
362 459
362 987
362 1817
362 2482
362 2544
362 2600
362 2658
362 2934
362 3502
362 3769
362 4647
362 4799
363 379
363 386
363 453
363 542
363 616
363 1701
363 1723
363 1740
363 2219
363 2231
363 2727
363 2772
363 2807
363 2990
363 3350
363 3452
363 3740
363 3853
363 4002
363 4151
363 4261
364 2974
364 3014
364 3073
364 3087
364 3466
364 3473
364 3545
364 3566
364 3619
364 3687
364 3723
364 3781
364 4082
364 4092
364 4190
364 4269
364 4280
364 4373
364 4404
364 4460
364 4536
364 4571
364 4618
364 4952
365 440
365 991
365 1290
365 2129
365 3475
365 3561
365 3694
365 3752
365 4733
366 397
366 682
366 776
366 813
366 1147
366 1200
366 2289
366 2435
366 3056
366 3505
366 3512
366 3601
366 3708
366 3760
366 4215
366 4216
366 4606
366 4666
366 4742
366 5026
367 375
367 381
367 424
367 436
367 440
367 442
367 445
367 453
367 831
367 999
367 1918
367 1941
367 1977
367 2585
367 2692
367 2956
367 3629
367 4346
367 4468
367 4528
367 4552
368 3237
368 4050
369 1042
369 1263
369 1397
369 1584
369 1972
369 2061
369 2257
369 3280
369 3397
369 3772
369 3863
369 4263
369 4718
369 5028
369 5046
370 410
370 461
370 848
370 1487
370 1650
370 2279
370 2384
370 3522
370 4562
371 554
371 674
372 3750
372 3759
372 3763
372 3911
372 3971
372 3999
372 4001
372 4193
372 4220
372 4263
372 4291
372 4790
372 4819
372 4892
372 5001
372 5010
372 5054
372 5086
373 3494
373 3518
373 3773
373 3904
373 4056
373 4139
373 4321
373 4388
373 4907
373 4970
374 381
374 445
374 446
374 589
374 750
374 751
374 770
374 778
374 902
374 1004
374 1087
374 1385
374 1416
374 1417
374 1524
374 1643
374 2011
374 2016
374 2027
374 2103
374 2156
374 2345
374 2512
374 2541
374 2623
374 2661
374 2760
374 2880
374 2965
374 3023
374 3067
374 3202
374 3224
374 3225
374 3340
374 3471
374 3480
374 3931
374 4115
374 4276
374 4391
374 4471
374 5078
374 5082
375 405
375 413
375 420
375 436
375 1023
375 1295
375 1485
375 2195
375 3664
376 436
377 378
377 384
377 407
377 415
377 839
377 898
377 1425
377 1431
377 1776
377 2175
377 2305
377 2474
377 2562
377 2860
377 3472
377 3479
377 3824
377 3833
377 4271
377 4649
377 4707
377 4748
377 4879
377 4902
377 5061
378 415
378 845
378 1921
378 2235
378 2432
378 2691
378 4271
378 4795
379 386
379 405
379 413
379 417
379 453
379 472
379 742
379 1022
379 1046
379 1174
379 1249
379 1547
379 1895
379 1926
379 1976
379 2413
379 2634
379 2687
379 2717
379 2756
379 2923
379 3037
379 3908
379 4002
379 4044
379 4151
379 4443
380 608
380 845
380 1596
380 2373
380 2579
380 2609
380 4084
380 4527
381 4882
381 4918
381 5011
381 5015
382 1063
382 1799
382 1970
382 4862
383 389
383 399
383 977
383 1848
383 1889
383 2175
383 2349
383 2495
383 3067
383 3253
383 3499
383 3595
383 3905
383 3924
383 4933
384 801
384 974
384 1024
384 1061
384 1089
384 1495
384 1733
384 2142
384 2260
384 2369
384 2440
384 2532
384 2916
384 3693
384 3730
384 4239
384 4902
385 618
385 639
385 1514
385 2302
385 2379
385 2417
385 2904
385 3198
385 3546
385 3586
385 4193
385 4665
385 5086
386 1019
386 1340
386 1627
386 1809
386 2325
386 2549
386 2687
386 4625
387 429
387 444
387 475
387 745
387 1235
387 1345
387 1494
387 1534
387 2053
387 2059
387 2411
387 2531
387 2887
387 2907
387 3001
387 3052
387 3153
387 3169
387 3272
387 3789
387 3937
387 4124
387 4266
387 4505
387 4735
387 4801
387 5038
388 666
388 1186
388 3714
389 737
389 977
389 1304
389 1694
389 1730
389 2575
389 2793
389 2925
389 3439
389 4344
389 4695
390 424
390 468
390 854
390 1184
390 1351
390 1466
390 1467
390 1816
390 2131
390 2163
390 2605
390 2664
390 2665
390 2742
390 2978
390 3072
390 3077
390 3245
390 3327
390 4034
390 4520
390 4592
390 4929
391 1162
391 1218
391 1717
391 1919
391 2146
391 3178
391 3207
391 3256
391 4262
391 4410
392 434
392 472
392 729
392 865
392 1040
392 1215
392 1502
392 1589
392 1664
392 1790
392 2058
392 2324
392 2344
392 2638
392 2826
392 2833
392 3047
392 3060
392 3236
392 3617
392 3980
392 4339
392 4557
392 4775
392 4822
392 4884
393 553
393 621
393 646
393 816
393 944
393 1028
393 1073
393 1187
393 1259
393 1305
393 1424
393 1496
393 1641
393 1768
393 1782
393 1935
393 2149
393 2589
393 2666
393 2679
393 2825
393 2832
393 3036
393 3065
393 3125
393 3370
393 3526
393 3563
393 3686
393 3710
393 3981
393 4100
393 4162
393 4357
393 4506
393 4576
393 4712
393 4837
393 4850
393 4947
393 4986
393 5036
394 756
394 1183
394 1558
394 1623
394 1667
394 1744
394 1993
394 2013
394 2702
394 4035
394 4171
394 4727
395 399
395 517
395 524
395 617
395 888
395 1404
395 1437
395 1441
395 1455
395 1552
395 1576
395 1607
395 1908
395 1971
395 2152
395 2392
395 3069
395 3348
395 3388
395 3607
395 3668
395 3698
395 3804
395 3927
395 3997
395 4062
395 4111
395 4256
395 4315
395 4415
396 4695
396 4942
396 5015
396 5067
397 3293
397 3393
397 3423
397 3447
397 3531
397 3627
397 3711
397 3728
397 3753
397 3800
397 3851
397 3878
397 3885
397 4148
397 4166
397 4178
397 4199
397 4210
397 4221
397 4244
397 4248
397 4252
397 4442
397 4466
397 4511
397 4535
397 4558
397 4613
397 4763
397 4767
397 4899
397 4901
397 5012
397 5019
397 5066
398 585
399 517
399 641
399 784
399 969
399 977
399 1075
399 1095
399 1145
399 1298
399 1404
399 1441
399 1447
399 1521
399 1551
399 1576
399 1699
399 1719
399 1952
399 1953
399 2028
399 2097
399 2244
399 2259
399 2404
399 2697
399 2928
399 3145
399 3360
399 3466
399 3641
399 3702
399 3704
399 3992
399 4404
399 4690
399 4781
399 4835
399 5020
399 5024
400 544
400 567
400 600
400 649
400 882
400 1035
400 1056
400 1176
400 1246
400 1302
400 1350
400 1462
400 1507
400 1533
400 1564
400 1607
400 1778
400 1872
400 1881
400 1916
400 2010
400 2615
400 2711
400 2823
400 3021
400 3111
400 3140
400 3179
400 3295
400 3338
400 3592
400 3713
400 4126
400 4257
400 4407
400 4497
400 4621
400 4695
400 4951
401 420
401 445
401 672
401 1519
401 2611
401 3057
401 3222
401 3330
401 3836
401 4195
401 4576
401 4681
402 481
402 714
402 743
402 1831
402 1853
402 2153
402 3035
402 3372
402 3625
402 4027
402 4177
402 4273
402 4384
402 4772
402 4898
403 418
403 610
403 656
403 1007
403 1597
403 2705
403 3150
403 3223
403 3703
403 4920
404 424
404 951
404 1303
404 1470
404 2105
404 2177
404 2204
404 2930
404 3122
404 3260
404 4107
404 4227
404 4288
404 4795
405 413
405 415
405 436
405 786
405 1431
405 1696
405 1874
405 2320
405 2344
405 3219
405 3663
405 4076
405 4440
406 596
406 623
406 911
406 1232
406 1615
406 1758
406 2147
406 2395
406 2566
406 2898
406 2979
406 3191
406 3484
406 3589
406 3825
406 3831
406 4045
406 4046
406 4298
406 4593
406 4629
406 4631
407 453
407 598
407 716
407 873
407 892
407 936
407 989
407 1608
407 1672
407 1852
407 1875
407 1914
407 1928
407 2212
407 2462
407 2630
407 3033
407 3071
407 3250
407 3361
407 3444
407 3640
407 3780
407 3971
407 4101
407 4656
407 4693
408 2468
408 3189
408 3254
408 4382
408 4734
410 1650
410 1932
410 2991
410 3420
410 3457
410 4896
411 2056
411 3929
412 887
412 2096
413 421
413 424
413 435
413 436
413 450
413 474
413 483
413 736
413 1438
413 2167
413 2386
413 3292
414 861
414 1685
414 1691
414 2091
414 2470
414 2564
414 2734
414 2845
414 3898
414 4275
414 4807
415 424
415 436
415 443
415 449
415 464
415 472
415 476
415 478
415 574
415 736
415 759
415 867
415 893
415 980
415 1040
415 1833
415 2363
415 2405
415 2569
415 2764
415 2954
415 3044
415 3050
415 3283
415 3345
415 3429
415 3431
415 3436
415 3453
415 3526
415 3667
415 3673
415 3758
415 3982
415 4038
415 4200
415 4392
415 4865
415 4866
415 4874
417 537
417 541
417 1047
417 2113
417 2862
417 2981
417 4864
418 564
418 1224
418 4293
419 703
419 1091
419 1681
419 1697
419 1958
419 2339
419 3015
419 4336
420 445
420 663
420 1519
420 3128
420 3890
420 4481
420 4984
421 4693
421 4752
421 4754
421 4755
421 4960
421 4972
421 5059
422 452
422 966
422 2066
422 2275
422 2868
422 3056
422 3548
422 3731
422 3856
422 4116
422 4521
422 4578
423 745
423 875
423 1588
423 2230
423 2580
423 2687
423 3452
423 3655
423 3877
423 4488
423 4964
424 425
424 435
424 501
424 756
424 958
424 1026
424 1051
424 1058
424 1079
424 1370
424 1479
424 1508
424 1626
424 1804
424 1805
424 1905
424 1939
424 1943
424 1988
424 2071
424 2124
424 2307
424 2318
424 2350
424 2484
424 2699
424 2709
424 2789
424 2900
424 3077
424 3100
424 3149
424 3216
424 3237
424 3273
424 3358
424 3599
424 3696
424 3792
424 3845
424 3847
424 3859
424 3956
424 4125
424 4327
424 4402
424 4565
425 508
425 520
425 582
425 672
425 949
425 1058
425 1211
425 1363
425 1527
425 1572
425 1774
425 1994
425 2080
425 2186
425 3233
425 3556
425 4093
425 4094
425 4095
425 4127
425 4297
425 4306
425 4319
425 4627
425 4723
425 4731
425 4745
425 4973
426 476
426 604
426 961
426 1449
426 1668
426 2280
426 3534
426 4551
427 434
427 1127
427 2820
427 3244
428 431
428 450
428 1999
428 2309
428 3626
429 698
429 730
429 1281
429 1309
429 1656
429 2104
429 2201
429 2687
429 3446
429 3789
429 4132
429 4609
429 4686
429 4868
430 460
430 463
430 676
430 1090
430 1316
430 1335
430 1353
430 1501
430 1575
430 1693
430 2120
430 2399
430 2424
430 2919
430 2949
430 3462
430 3770
430 3951
430 4155
430 4548
430 4598
431 450
431 473
432 605
432 1021
432 1554
432 1629
432 1814
432 1835
432 1935
432 1948
432 2581
432 2701
432 2834
432 2844
432 2953
432 3148
432 3235
432 3252
432 3506
432 3796
432 3976
432 4069
432 4301
432 4393
432 4526
432 4642
433 450
433 1563
433 1564
433 1872
433 2035
433 2070
433 2310
433 2329
433 3176
433 3458
433 3651
433 3698
433 3860
433 3875
433 3900
433 3919
433 4378
433 4683
433 5092
434 453
434 478
434 518
434 698
434 1067
434 1347
434 1502
434 1644
434 1847
434 1855
434 2039
434 2267
434 2494
434 3130
434 3384
434 3470
434 3778
434 3976
434 4228
434 4329
434 4661
434 4730
435 450
435 519
435 832
435 859
435 952
435 1381
435 1492
435 1765
435 1911
435 2214
435 2323
435 2585
435 3135
435 3187
435 3736
435 3797
435 3819
435 4347
435 4826
436 449
436 453
436 982
436 1195
436 1264
436 1650
436 1665
436 1695
436 1746
436 1897
436 1935
436 2085
436 2195
436 2286
436 2302
436 2304
436 2320
436 2326
436 2344
436 2670
436 2843
436 2844
436 3198
436 3234
436 3252
436 3351
436 3354
436 3376
436 3406
436 3429
436 3431
436 3442
436 3502
436 3506
436 3539
436 3594
436 3818
436 3897
436 4235
436 4304
436 4309
436 4526
436 4647
436 4819
437 450
437 466
437 467
437 1262
437 2048
437 2377
437 2434
437 2836
437 3117
437 3688
438 581
438 685
438 815
438 1104
438 1151
438 1394
438 1567
438 1780
438 2040
438 2115
438 2281
438 2366
438 2572
438 2751
438 3003
438 3113
438 3146
438 3218
438 3923
438 3935
438 4057
438 4119
438 4345
438 4359
438 4607
439 696
439 931
439 2316
439 3027
439 3380
439 4672
439 4979
439 5091
440 725
440 866
440 1166
440 1268
440 1509
440 1690
440 1816
440 1833
440 3345
440 3368
440 3403
440 3475
440 3671
440 3690
440 4072
440 4158
441 700
441 812
441 1088
441 1170
441 1269
441 1468
441 1669
441 2141
441 2210
441 2418
441 2641
441 2642
441 2926
441 3291
441 3391
441 3504
441 3632
441 4019
441 4405
441 4503
441 4740
441 4785
442 553
442 674
442 834
442 1332
442 1421
442 1438
442 1635
442 2195
442 3036
442 3051
442 3193
442 4230
442 4975
443 476
443 1217
443 2320
443 2405
443 3311
443 3562
443 4614
444 533
444 536
444 569
444 689
444 797
444 801
444 967
444 1330
444 1608
444 1638
444 1891
444 1926
444 1928
444 1937
444 2062
444 2082
444 2165
444 2766
444 2903
444 2924
444 2993
444 3404
444 3446
444 3612
444 3640
444 3883
444 3971
444 4002
444 4161
444 4165
444 4467
444 4676
444 4738
444 4879
445 681
445 817
445 967
445 972
445 1172
445 1519
445 1803
445 2493
445 2660
445 3023
445 3057
445 3094
445 3127
445 3836
445 4283
445 4423
445 4576
445 4654
445 4669
445 4710
446 2103
446 2622
446 5082
447 466
447 860
447 1252
447 1256
447 1335
447 1379
447 2012
447 2192
447 2414
447 2546
447 2671
447 2823
447 2949
447 2969
447 3132
447 3231
447 3795
447 4030
447 4204
447 4383
447 4546
447 5035
448 472
448 712
448 897
448 1101
448 1545
448 2330
448 2784
448 3200
448 3325
448 3422
448 3578
448 3902
448 4240
448 4272
448 4392
448 4502
448 4769
448 4852
449 453
449 472
449 476
449 876
449 954
449 981
449 1431
449 1529
449 1569
449 1739
449 1818
449 1874
449 1935
449 2025
449 2114
449 2291
449 2369
449 2381
449 2962
449 3010
449 3114
449 3115
449 3121
449 3320
449 3354
449 3363
449 3385
449 3431
449 3519
449 3529
449 3600
449 3730
449 3885
449 4038
449 4205
449 4310
449 4685
449 5049
450 555
450 675
450 1278
450 1342
450 1465
450 2450
450 2877
450 3541
450 3598
450 3884
451 2709
452 798
452 966
452 1834
452 2333
452 2770
452 3206
452 3499
452 3596
452 4116
452 4806
452 4980
453 3628
453 3828
453 3848
453 3912
453 4064
453 4076
453 4175
453 4188
453 4337
453 4355
453 4458
453 4464
453 4504
453 4512
453 4568
453 4577
453 4625
453 4648
453 5008
453 5009
454 479
454 629
454 740
454 818
454 903
454 1517
454 1710
454 2169
454 2427
454 2572
454 2637
454 2795
454 2972
454 3025
454 3046
454 3183
454 3339
454 3909
454 3910
454 4130
454 4237
454 4238
454 4680
454 4782
455 1136
455 1543
455 1599
455 1769
455 1787
455 2176
455 2295
455 2312
455 2451
455 2555
455 2837
455 2911
455 3062
455 3082
455 3084
455 3491
455 3755
455 4243
455 4547
455 4875
455 4910
455 4915
455 5068
456 773
456 889
456 1009
456 1752
456 1946
456 2108
456 3002
456 3118
456 3144
456 3270
456 3426
456 3761
456 4287
456 4576
457 497
457 693
457 1458
457 2331
457 2433
457 2954
457 4489
457 4784
458 477
458 2002
458 3906
459 4814
459 4832
460 463
460 882
460 883
460 1015
460 1820
460 1904
460 2130
460 2248
460 2347
460 2603
460 3076
460 3080
460 3231
460 3486
460 3849
460 3850
460 3951
460 4129
460 4548
460 4987
461 985
461 1071
461 1813
461 2076
461 3118
461 3387
461 3457
461 3736
461 4906
462 2336
462 3352
463 664
463 676
463 882
463 916
463 992
463 1244
463 1335
463 2019
463 2052
463 2399
463 2424
463 2949
463 3076
463 3231
463 3337
463 3428
463 3530
463 3541
463 3770
463 3805
463 4942
465 491
465 505
465 823
465 998
465 1118
465 1362
465 1794
465 2474
465 2628
465 3157
465 3159
465 3180
465 3570
465 3574
465 3613
465 3973
465 4172
465 4693
466 841
466 1254
466 1616
466 1841
466 1900
466 2023
466 2300
466 3018
466 3297
466 3511
466 3616
466 3839
466 3896
466 4431
466 4487
466 4598
466 4659
467 811
467 1171
467 1421
467 1871
467 2292
467 2338
467 3700
468 658
468 715
468 2545
468 2561
468 2664
468 3986
468 4063
468 4122
468 4170
468 4387
468 4520
469 472
469 1107
469 1122
469 1123
469 1124
469 1128
469 1537
469 1860
469 2552
469 2656
469 2718
469 2719
469 2726
469 2728
469 2729
469 2778
469 2819
469 2956
469 4385
469 4454
469 4702
469 4705
469 4711
469 4719
469 4839
469 4923
469 4935
469 4938
469 4956
469 4958
469 5034
469 5043
469 5053
469 5055
469 5064
470 728
470 745
470 1656
470 2029
470 2929
470 3011
470 4692
471 669
471 799
471 1954
471 2301
471 2619
471 3123
471 4878
472 4136
472 4179
472 4189
472 4331
472 4463
472 4509
472 4630
472 4703
472 4744
472 4831
472 4956
473 1210
473 3746
473 4813
474 612
474 668
474 679
474 724
474 981
474 1410
474 1414
474 2225
474 2600
474 2994
474 3077
474 3288
474 3445
474 3589
474 4136
474 4593
474 4934
475 487
475 745
475 829
475 1143
475 1546
475 1590
475 1700
475 1712
475 2059
475 2073
475 2786
475 3596
475 3636
475 3707
475 3958
475 4737
475 4838
475 4900
476 535
476 688
476 734
476 954
476 1182
476 1217
476 1325
476 1359
476 1372
476 1419
476 1431
476 1515
476 1528
476 1689
476 1844
476 1917
476 2094
476 2297
476 2317
476 2369
476 2372
476 2520
476 2740
476 2769
476 2947
476 2953
476 3058
476 3198
476 3264
476 3299
476 3448
476 3460
476 3663
476 3737
476 3824
476 3846
476 3867
476 3911
476 3971
476 3995
476 4316
476 4549
476 4827
476 5086
477 1050
477 1141
477 1181
477 2002
477 2017
477 2240
477 2382
477 2557
477 2708
477 3177
477 3515
477 4254
477 4817
478 536
478 766
478 940
478 1043
478 1067
478 1196
478 1265
478 1452
478 1491
478 1497
478 1668
478 1708
478 1911
478 2014
478 2039
478 2198
478 2239
478 2756
478 2773
478 2874
478 3098
478 3107
478 3239
478 3384
478 3400
478 3436
478 3483
478 3596
478 3612
478 3669
478 3756
478 3758
478 3789
478 3803
478 3916
478 3943
478 4217
478 4251
478 4439
478 4788
478 4914
478 5037
479 611
479 802
479 822
479 1338
479 1384
479 1458
479 1498
479 1864
479 1897
479 2365
479 3114
479 3331
479 3347
479 3441
479 3489
479 4009
479 4266
479 4318
479 4425
479 4955
480 1522
480 2799
480 3456
480 3928
480 4675
481 625
481 692
481 836
481 846
481 1100
481 1137
481 1168
481 1349
481 1375
481 1476
481 1556
481 1605
481 1639
481 1751
481 1815
481 2190
481 2313
481 2498
481 2517
481 2525
481 2576
481 2774
481 2884
481 2904
481 2921
481 3392
481 3440
481 3463
481 3830
481 4023
481 4419
481 4555
481 4581
481 4640
481 4891
481 4905
482 1008
482 1037
482 1579
482 1646
482 1721
482 1781
482 2038
482 2213
482 2764
482 3009
482 3635
482 4141
482 4185
483 1796
483 1956
483 2360
483 2387
483 2565
483 2795
483 2900
483 3900
483 4235
484 3367
485 560
485 1692
485 3757
