# node_id  community_id
0	0
1	1
2	2
3	3
4	4
5	5
6	6
7	7
8	8
9	9
10	10
11	11
12	12
13	13
14	13
15	14
16	15
17	16
18	17
19	18
20	19
21	20
22	21
23	22
24	23
25	24
26	25
27	26
28	27
29	7
30	27
31	28
32	29
33	30
34	31
35	32
36	33
37	34
38	35
39	36
40	37
41	38
42	39
43	20
44	40
45	41
46	42
47	43
48	44
49	45
50	34
51	46
52	47
53	11
54	37
55	48
56	13
57	49
58	50
59	51
60	52
61	20
62	53
63	54
64	55
65	56
66	36
67	57
68	58
69	59
70	60
71	61
72	5
73	62
74	63
75	64
76	65
77	66
78	66
79	67
80	68
81	10
82	69
83	70
84	71
85	72
86	73
87	74
88	75
89	76
90	72
91	77
92	78
93	79
94	80
95	81
96	82
97	83
98	55
99	74
100	84
101	85
102	29
103	86
104	87
105	88
106	89
107	90
108	91
109	92
110	93
111	94
112	95
113	96
114	97
115	98
116	99
117	100
118	67
119	101
120	102
121	103
122	104
123	58
124	105
125	105
126	30
127	106
128	27
129	107
130	108
131	109
132	97
133	110
134	111
135	112
136	113
137	114
138	115
139	116
140	117
141	118
142	119
143	120
144	121
145	122
146	123
147	124
148	125
149	126
150	59
151	127
152	128
153	129
154	96
155	130
156	58
157	131
158	132
159	21
160	4
161	74
162	133
163	134
164	135
165	29
166	136
167	73
168	137
169	58
170	138
171	46
172	99
173	139
174	140
175	59
176	141
177	142
178	143
179	144
180	145
181	146
182	67
183	147
184	148
185	149
186	59
187	150
188	146
189	151
190	114
191	78
192	152
193	153
194	59
195	124
196	154
197	112
198	155
199	156
200	21
201	29
202	55
203	157
204	158
205	159
206	30
207	31
208	160
209	33
210	161
211	65
212	162
213	163
214	164
215	165
216	166
217	167
218	59
219	168
220	15
221	169
222	114
223	103
224	160
225	160
226	170
227	150
228	171
229	172
230	173
231	83
232	174
233	175
234	176
235	177
236	136
237	178
238	179
239	22
240	180
241	30
242	181
243	182
244	183
245	118
246	99
247	5
248	184
249	185
250	186
251	10
252	187
253	188
254	3
255	189
256	59
257	59
258	190
259	34
260	191
261	103
262	146
263	93
264	58
265	192
266	193
267	78
268	194
269	195
270	7
271	64
272	7
273	196
274	197
275	198
276	199
277	200
278	201
279	202
280	118
281	21
282	203
283	204
284	205
285	206
286	207
287	208
288	209
289	210
290	211
291	67
292	212
293	52
294	0
295	29
296	190
297	41
298	166
299	56
300	213
301	214
302	215
303	216
304	0
305	70
306	217
307	217
308	218
309	196
310	142
311	219
312	182
313	220
314	221
315	222
316	155
317	223
318	224
319	59
320	169
321	225
322	226
323	14
324	115
325	200
326	176
327	227
328	228
329	229
330	230
331	43
332	231
333	59
334	20
335	14
336	37
337	230
338	96
339	232
340	233
341	234
342	82
343	235
344	236
345	237
346	217
347	238
348	239
349	104
350	240
351	74
352	234
353	241
354	52
355	242
356	52
357	93
358	106
359	43
360	120
361	140
362	54
363	243
364	244
365	245
366	246
367	247
368	100
369	248
370	15
371	221
372	64
373	249
374	48
375	11
376	5
377	250
378	250
379	58
380	251
381	252
382	253
383	254
384	32
385	5
386	7
387	205
388	255
389	162
390	34
391	256
392	117
393	257
394	258
395	259
396	252
397	25
398	80
399	260
400	261
401	217
402	185
403	262
404	263
405	11
406	238
407	31
408	264
409	97
410	265
411	210
412	175
413	11
414	266
415	267
416	230
417	104
418	262
419	155
420	46
421	70
422	177
423	268
424	130
425	145
426	269
427	67
428	135
429	59
430	270
431	135
432	271
433	272
434	67
435	273
436	5
437	274
438	275
439	276
440	277
441	278
442	221
443	218
444	88
445	46
446	48
447	207
448	279
449	178
450	135
451	216
452	177
453	280
454	281
455	147
456	132
457	14
458	282
459	22
460	270
461	21
462	120
463	270
464	267
465	283
466	284
467	85
468	34
469	191
470	59
471	285
472	58
473	45
474	109
475	286
476	287
477	282
478	52
479	288
480	166
481	215
482	289
483	290
484	47
485	126
486	208
487	286
488	212
489	29
490	45
491	283
492	202
493	228
494	49
495	49
496	199
497	14
498	112
499	68
500	196
501	130
502	33
503	94
504	159
505	283
506	230
507	113
508	145
509	14
510	17
511	186
512	180
513	116
514	233
515	23
516	23
517	259
518	75
519	273
520	145
521	96
522	106
523	7
524	259
525	17
526	55
527	161
528	97
529	77
530	184
531	187
532	50
533	55
534	87
535	287
536	52
537	104
538	158
539	240
540	230
541	104
542	243
543	36
544	261
545	160
546	173
547	47
548	146
549	103
550	215
551	180
552	196
553	216
554	221
555	135
556	214
557	34
558	45
559	171
560	126
561	83
562	67
563	134
564	262
565	49
566	136
567	261
568	158
569	88
570	36
571	69
572	140
573	47
574	267
575	7
576	95
577	72
578	211
579	17
580	4
581	203
582	8
583	59
584	105
585	80
586	189
587	37
588	49
589	48
590	49
591	171
592	143
593	66
594	202
595	112
596	238
597	113
598	31
599	172
600	96
601	28
602	208
603	23
604	269
605	271
606	134
607	140
608	251
609	237
610	262
611	288
612	109
613	15
614	134
615	56
616	37
617	134
618	5
619	186
620	86
621	257
622	199
623	220
624	192
625	215
626	27
627	74
628	146
629	281
630	0
631	136
632	203
633	14
634	90
635	137
636	173
637	160
638	233
639	5
640	108
641	260
642	123
643	151
644	56
645	206
646	257
647	78
648	223
649	261
650	74
651	10
652	59
653	98
654	19
655	122
656	262
657	176
658	34
659	80
660	184
661	173
662	182
663	78
664	270
665	10
666	255
667	29
668	109
669	285
670	206
671	66
672	217
673	240
674	221
675	135
676	270
677	196
678	25
679	109
680	33
681	46
682	246
683	78
684	140
685	275
686	101
687	101
688	287
689	88
690	67
691	86
692	215
693	14
694	206
695	232
696	276
697	32
698	67
699	67
700	278
701	59
702	44
703	155
704	160
705	204
706	170
707	89
708	199
709	189
710	74
711	20
712	279
713	204
714	185
715	34
716	31
717	83
718	14
719	22
720	216
721	159
722	58
723	207
724	109
725	277
726	118
727	98
728	59
729	117
730	59
731	192
732	45
733	230
734	287
735	35
736	75
737	162
738	225
739	10
740	281
741	214
742	58
743	185
744	223
745	59
746	74
747	5
748	5
749	41
750	48
751	48
752	52
753	190
754	187
755	182
756	258
757	94
758	20
759	267
760	202
761	202
762	23
763	5
764	59
765	83
766	52
767	230
768	108
769	61
770	48
771	170
772	67
773	132
774	43
775	71
776	246
777	0
778	48
779	29
780	159
781	197
782	223
783	17
784	260
785	185
786	237
787	112
788	29
789	172
790	13
791	116
792	74
793	112
794	37
795	137
796	170
797	88
798	177
799	285
800	20
801	88
802	288
803	89
804	150
805	223
806	128
807	100
808	60
809	128
810	93
811	85
812	237
813	246
814	221
815	275
816	257
817	46
818	281
819	105
820	203
821	238
822	288
823	283
824	133
825	112
826	158
827	138
828	58
829	286
830	118
831	247
832	273
833	209
834	221
835	10
836	215
837	78
838	199
839	250
840	6
841	284
842	115
843	154
844	13
845	251
846	215
847	66
848	15
849	242
850	106
851	156
852	37
853	209
854	34
855	86
856	235
857	187
858	199
859	273
860	207
861	266
862	212
863	190
864	120
865	117
866	277
867	267
868	212
869	80
870	37
871	37
872	37
873	31
874	188
875	268
876	178
877	160
878	113
879	242
880	186
881	171
882	270
883	270
884	146
885	103
886	223
887	175
888	223
889	78
890	233
891	86
892	31
893	267
894	46
895	71
896	212
897	279
898	203
899	186
900	147
901	236
902	48
903	281
904	0
905	233
906	189
907	71
908	177
909	219
910	19
911	238
912	29
913	21
914	168
915	22
916	270
917	170
918	29
919	55
920	35
921	81
922	46
923	201
924	216
925	80
926	22
927	87
928	96
929	231
930	112
931	276
932	220
933	167
934	188
935	58
936	31
937	10
938	230
939	12
940	52
941	209
942	134
943	38
944	257
945	216
946	17
947	45
948	52
949	145
950	103
951	263
952	273
953	61
954	178
955	52
956	89
957	215
958	130
959	3
960	65
961	269
962	240
963	59
964	188
965	74
966	177
967	108
968	190
969	260
970	45
971	0
972	46
973	118
974	32
975	158
976	24
977	254
978	44
979	15
980	267
981	194
982	5
983	158
984	79
985	21
986	172
987	54
988	160
989	31
990	156
991	245
992	231
993	211
994	46
995	37
996	220
997	200
998	283
999	247
1000	46
1001	47
1002	231
1003	83
1004	48
1005	151
1006	160
1007	262
1008	289
1009	132
1010	100
1011	209
1012	228
1013	202
1014	74
1015	270
1016	56
1017	95
1018	187
1019	7
1020	67
1021	271
1022	58
1023	11
1024	32
1025	235
1026	175
1027	71
1028	257
1029	172
1030	0
1031	52
1032	172
1033	112
1034	99
1035	261
1036	49
1037	289
1038	122
1039	94
1040	267
1041	206
1042	248
1043	52
1044	112
1045	86
1046	58
1047	104
1048	162
1049	129
1050	282
1051	130
1052	66
1053	161
1054	14
1055	58
1056	261
1057	203
1058	0
1059	45
1060	190
1061	32
1062	61
1063	253
1064	22
1065	29
1066	43
1067	67
1068	43
1069	89
1070	170
1071	73
1072	119
1073	257
1074	52
1075	260
1076	213
1077	182
1078	209
1079	130
1080	128
1081	134
1082	185
1083	206
1084	3
1085	33
1086	31
1087	48
1088	278
1089	32
1090	270
1091	155
1092	136
1093	127
1094	74
1095	260
1096	57
1097	14
1098	191
1099	156
1100	215
1101	279
1102	37
1103	146
1104	275
1105	187
1106	161
1107	191
1108	80
1109	162
1110	121
1111	59
1112	212
1113	168
1114	89
1115	45
1116	78
1117	19
1118	283
1119	14
1120	82
1121	136
1122	191
1123	191
1124	191
1125	161
1126	187
1127	67
1128	191
1129	60
1130	103
1131	187
1132	55
1133	176
1134	223
1135	230
1136	147
1137	215
1138	161
1139	99
1140	85
1141	282
1142	146
1143	286
1144	229
1145	260
1146	201
1147	246
1148	59
1149	112
1150	58
1151	275
1152	124
1153	176
1154	75
1155	234
1156	171
1157	80
1158	181
1159	72
1160	158
1161	94
1162	256
1163	176
1164	174
1165	111
1166	277
1167	61
1168	215
1169	121
1170	278
1171	85
1172	46
1173	187
1174	58
1175	217
1176	261
1177	159
1178	91
1179	59
1180	59
1181	282
1182	287
1183	258
1184	34
1185	86
1186	255
1187	85
1188	172
1189	200
1190	15
1191	118
1192	20
1193	13
1194	43
1195	14
1196	52
1197	187
1198	20
1199	212
1200	246
1201	20
1202	161
1203	219
1204	29
1205	52
1206	127
1207	89
1208	102
1209	216
1210	45
1211	145
1212	66
1213	45
1214	7
1215	117
1216	181
1217	218
1218	256
1219	97
1220	128
1221	41
1222	83
1223	124
1224	262
1225	52
1226	104
1227	146
1228	75
1229	59
1230	213
1231	20
1232	238
1233	158
1234	106
1235	205
1236	201
1237	20
1238	196
1239	230
1240	67
1241	45
1242	156
1243	230
1244	270
1245	53
1246	261
1247	59
1248	120
1249	58
1250	76
1251	160
1252	207
1253	5
1254	284
1255	74
1256	74
1257	95
1258	26
1259	257
1260	71
1261	132
1262	274
1263	248
1264	5
1265	52
1266	45
1267	163
1268	277
1269	278
1270	234
1271	53
1272	214
1273	188
1274	196
1275	41
1276	230
1277	227
1278	135
1279	230
1280	190
1281	59
1282	124
1283	134
1284	43
1285	21
1286	83
1287	238
1288	43
1289	124
1290	245
1291	206
1292	29
1293	115
1294	101
1295	11
1296	119
1297	185
1298	260
1299	14
1300	158
1301	17
1302	261
1303	263
1304	162
1305	257
1306	212
1307	59
1308	231
1309	59
1310	124
1311	59
1312	80
1313	220
1314	231
1315	43
1316	270
1317	125
1318	14
1319	45
1320	43
1321	86
1322	66
1323	156
1324	59
1325	58
1326	123
1327	77
1328	148
1329	101
1330	88
1331	104
1332	221
1333	45
1334	221
1335	270
1336	85
1337	212
1338	288
1339	115
1340	7
1341	77
1342	135
1343	209
1344	19
1345	22
1346	188
1347	67
1348	65
1349	215
1350	261
1351	137
1352	21
1353	0
1354	17
1355	13
1356	61
1357	14
1358	86
1359	287
1360	233
1361	85
1362	283
1363	145
1364	26
1365	101
1366	32
1367	3
1368	190
1369	2
1370	130
1371	206
1372	287
1373	111
1374	52
1375	215
1376	103
1377	220
1378	228
1379	113
1380	212
1381	273
1382	83
1383	101
1384	288
1385	48
1386	213
1387	44
1388	180
1389	215
1390	212
1391	146
1392	112
1393	82
1394	275
1395	170
1396	65
1397	248
1398	118
1399	25
1400	134
1401	17
1402	89
1403	167
1404	259
1405	67
1406	112
1407	124
1408	91
1409	211
1410	4
1411	209
1412	23
1413	58
1414	109
1415	71
1416	48
1417	79
1418	79
1419	287
1420	80
1421	85
1422	23
1423	83
1424	257
1425	250
1426	112
1427	206
1428	161
1429	3
1430	71
1431	178
1432	89
1433	89
1434	80
1435	161
1436	59
1437	259
1438	221
1439	118
1440	24
1441	259
1442	65
1443	228
1444	61
1445	5
1446	141
1447	260
1448	140
1449	269
1450	155
1451	190
1452	52
1453	58
1454	66
1455	259
1456	13
1457	95
1458	14
1459	154
1460	209
1461	158
1462	261
1463	85
1464	114
1465	135
1466	222
1467	34
1468	278
1469	59
1470	263
1471	116
1472	52
1473	97
1474	95
1475	171
1476	215
1477	222
1478	74
1479	130
1480	30
1481	197
1482	212
1483	17
1484	181
1485	11
1486	74
1487	15
1488	80
1489	213
1490	141
1491	236
1492	273
1493	105
1494	205
1495	231
1496	257
1497	52
1498	288
1499	192
1500	17
1501	207
1502	138
1503	10
1504	120
1505	59
1506	87
1507	261
1508	130
1509	277
1510	22
1511	146
1512	93
1513	45
1514	5
1515	123
1516	199
1517	281
1518	155
1519	46
1520	158
1521	260
1522	166
1523	106
1524	48
1525	33
1526	233
1527	145
1528	180
1529	178
1530	86
1531	33
1532	73
1533	261
1534	7
1535	187
1536	40
1537	191
1538	197
1539	191
1540	56
1541	176
1542	203
1543	147
1544	98
1545	279
1546	286
1547	58
1548	209
1549	225
1550	21
1551	260
1552	15
1553	179
1554	271
1555	19
1556	215
1557	130
1558	258
1559	182
1560	140
1561	23
1562	105
1563	272
1564	272
1565	124
1566	225
1567	275
1568	67
1569	178
1570	195
1571	202
1572	145
1573	52
1574	208
1575	270
1576	259
1577	183
1578	43
1579	289
1580	158
1581	20
1582	34
1583	50
1584	248
1585	222
1586	75
1587	69
1588	268
1589	117
1590	286
1591	134
1592	75
1593	223
1594	93
1595	234
1596	251
1597	262
1598	22
1599	147
1600	231
1601	234
1602	13
1603	42
1604	52
1605	215
1606	58
1607	259
1608	31
1609	190
1610	230
1611	38
1612	232
1613	89
1614	74
1615	49
1616	284
1617	187
1618	183
1619	217
1620	170
1621	202
1622	160
1623	258
1624	195
1625	187
1626	105
1627	7
1628	219
1629	271
1630	14
1631	220
1632	45
1633	206
1634	52
1635	221
1636	45
1637	73
1638	140
1639	215
1640	230
1641	257
1642	43
1643	48
1644	67
1645	190
1646	289
1647	215
1648	130
1649	82
1650	5
1651	91
1652	15
1653	190
1654	172
1655	59
1656	59
1657	228
1658	69
1659	231
1660	90
1661	21
1662	130
1663	222
1664	117
1665	5
1666	5
1667	258
1668	52
1669	278
1670	242
1671	4
1672	31
1673	59
1674	22
1675	146
1676	77
1677	187
1678	202
1679	86
1680	143
1681	155
1682	146
1683	45
1684	21
1685	266
1686	29
1687	46
1688	242
1689	287
1690	277
1691	266
1692	126
1693	270
1694	162
1695	112
1696	196
1697	155
1698	196
1699	260
1700	286
1701	243
1702	113
1703	168
1704	69
1705	43
1706	15
1707	182
1708	52
1709	127
1710	281
1711	0
1712	286
1713	137
1714	209
1715	128
1716	66
1717	256
1718	176
1719	260
1720	52
1721	168
1722	22
1723	243
1724	67
1725	141
1726	170
1727	52
1728	15
1729	101
1730	162
1731	170
1732	59
1733	32
1734	223
1735	241
1736	49
1737	76
1738	10
1739	178
1740	243
1741	67
1742	82
1743	82
1744	258
1745	195
1746	5
1747	84
1748	99
1749	140
1750	34
1751	215
1752	132
1753	97
1754	59
1755	176
1756	221
1757	19
1758	238
1759	146
1760	49
1761	55
1762	43
1763	61
1764	67
1765	273
1766	6
1767	67
1768	257
1769	147
1770	112
1771	211
1772	182
1773	190
1774	145
1775	13
1776	250
1777	10
1778	113
1779	202
1780	275
1781	289
1782	257
1783	133
1784	69
1785	199
1786	22
1787	104
1788	186
1789	65
1790	117
1791	15
1792	186
1793	33
1794	283
1795	80
1796	290
1797	147
1798	77
1799	253
1800	242
1801	227
1802	215
1803	46
1804	130
1805	130
1806	214
1807	0
1808	215
1809	103
1810	190
1811	140
1812	123
1813	21
1814	271
1815	215
1816	277
1817	54
1818	146
1819	116
1820	270
1821	37
1822	140
1823	236
1824	182
1825	96
1826	14
1827	60
1828	212
1829	96
1830	151
1831	185
1832	71
1833	267
1834	177
1835	271
1836	163
1837	211
1838	115
1839	230
1840	21
1841	284
1842	43
1843	179
1844	287
1845	209
1846	83
1847	67
1848	254
1849	161
1850	169
1851	213
1852	31
1853	185
1854	229
1855	67
1856	204
1857	229
1858	223
1859	140
1860	7
1861	5
1862	196
1863	80
1864	288
1865	77
1866	187
1867	61
1868	153
1869	65
1870	82
1871	85
1872	272
1873	170
1874	30
1875	31
1876	61
1877	140
1878	143
1879	8
1880	17
1881	261
1882	196
1883	182
1884	116
1885	228
1886	176
1887	55
1888	168
1889	24
1890	189
1891	127
1892	31
1893	134
1894	200
1895	58
1896	17
1897	14
1898	58
1899	36
1900	284
1901	136
1902	217
1903	111
1904	270
1905	130
1906	43
1907	33
1908	259
1909	170
1910	127
1911	52
1912	129
1913	137
1914	31
1915	83
1916	261
1917	287
1918	247
1919	256
1920	69
1921	105
1922	74
1923	165
1924	124
1925	93
1926	58
1927	119
1928	31
1929	176
1930	67
1931	240
1932	265
1933	7
1934	171
1935	5
1936	240
1937	88
1938	29
1939	130
1940	40
1941	247
1942	91
1943	130
1944	176
1945	176
1946	78
1947	24
1948	271
1949	10
1950	118
1951	34
1952	171
1953	260
1954	285
1955	195
1956	290
1957	86
1958	155
1959	36
1960	43
1961	30
1962	218
1963	55
1964	179
1965	156
1966	219
1967	240
1968	216
1969	106
1970	253
1971	259
1972	248
1973	143
1974	115
1975	184
1976	58
1977	247
1978	71
1979	164
1980	146
1981	47
1982	146
1983	21
1984	16
1985	43
1986	195
1987	204
1988	80
1989	204
1990	114
1991	146
1992	58
1993	258
1994	145
1995	237
1996	190
1997	30
1998	42
1999	135
2000	43
2001	40
2002	282
2003	66
2004	146
2005	129
2006	217
2007	36
2008	46
2009	12
2010	261
2011	48
2012	207
2013	258
2014	52
2015	5
2016	48
2017	282
2018	183
2019	270
2020	106
2021	79
2022	209
2023	116
2024	59
2025	31
2026	60
2027	48
2028	260
2029	59
2030	140
2031	25
2032	170
2033	223
2034	116
2035	272
2036	188
2037	170
2038	289
2039	67
2040	275
2041	25
2042	85
2043	19
2044	189
2045	127
2046	42
2047	82
2048	274
2049	210
2050	3
2051	84
2052	270
2053	205
2054	14
2055	231
2056	210
2057	121
2058	117
2059	59
2060	171
2061	248
2062	88
2063	45
2064	49
2065	67
2066	177
2067	79
2068	154
2069	49
2070	272
2071	130
2072	158
2073	237
2074	159
2075	59
2076	10
2077	222
2078	240
2079	86
2080	199
2081	33
2082	88
2083	232
2084	91
2085	5
2086	66
2087	82
2088	133
2089	30
2090	196
2091	266
2092	222
2093	93
2094	43
2095	86
2096	175
2097	260
2098	138
2099	99
2100	219
2101	148
2102	93
2103	48
2104	59
2105	263
2106	59
2107	104
2108	132
2109	61
2110	74
2111	77
2112	180
2113	40
2114	178
2115	275
2116	24
2117	74
2118	10
2119	17
2120	270
2121	74
2122	182
2123	67
2124	130
2125	67
2126	17
2127	10
2128	130
2129	245
2130	270
2131	34
2132	43
2133	12
2134	65
2135	65
2136	71
2137	204
2138	60
2139	52
2140	195
2141	278
2142	32
2143	49
2144	86
2145	187
2146	256
2147	238
2148	82
2149	257
2150	130
2151	215
2152	259
2153	185
2154	147
2155	71
2156	233
2157	96
2158	230
2159	77
2160	186
2161	104
2162	17
2163	34
2164	170
2165	88
2166	217
2167	11
2168	161
2169	281
2170	215
2171	86
2172	160
2173	17
2174	37
2175	254
2176	147
2177	263
2178	40
2179	206
2180	55
2181	33
2182	187
2183	124
2184	220
2185	115
2186	123
2187	160
2188	183
2189	215
2190	215
2191	171
2192	207
2193	160
2194	83
2195	5
2196	146
2197	37
2198	40
2199	228
2200	52
2201	67
2202	162
2203	140
2204	263
2205	146
2206	170
2207	229
2208	175
2209	172
2210	278
2211	111
2212	31
2213	289
2214	273
2215	169
2216	168
2217	222
2218	231
2219	243
2220	146
2221	55
2222	22
2223	240
2224	188
2225	109
2226	163
2227	59
2228	93
2229	200
2230	268
2231	243
2232	79
2233	121
2234	123
2235	250
2236	4
2237	124
2238	129
2239	52
2240	282
2241	59
2242	197
2243	125
2244	187
2245	196
2246	207
2247	69
2248	270
2249	231
2250	49
2251	218
2252	153
2253	191
2254	153
2255	24
2256	219
2257	248
2258	59
2259	260
2260	32
2261	52
2262	66
2263	124
2264	182
2265	36
2266	34
2267	67
2268	153
2269	59
2270	106
2271	134
2272	45
2273	106
2274	71
2275	177
2276	164
2277	179
2278	82
2279	15
2280	269
2281	275
2282	143
2283	103
2284	123
2285	233
2286	5
2287	134
2288	112
2289	99
2290	153
2291	178
2292	85
2293	158
2294	91
2295	147
2296	197
2297	287
2298	165
2299	59
2300	284
2301	285
2302	5
2303	147
2304	5
2305	250
2306	161
2307	130
2308	209
2309	135
2310	272
2311	21
2312	147
2313	215
2314	197
2315	106
2316	276
2317	287
2318	130
2319	106
2320	218
2321	59
2322	83
2323	273
2324	117
2325	7
2326	5
2327	232
2328	206
2329	231
2330	279
2331	115
2332	200
2333	177
2334	86
2335	74
2336	120
2337	74
2338	85
2339	155
2340	55
2341	160
2342	52
2343	0
2344	11
2345	48
2346	103
2347	270
2348	21
2349	254
2350	130
2351	215
2352	29
2353	123
2354	189
2355	15
2356	204
2357	7
2358	168
2359	167
2360	290
2361	14
2362	84
2363	267
2364	3
2365	288
2366	275
2367	30
2368	56
2369	99
2370	154
2371	159
2372	153
2373	251
2374	133
2375	146
2376	13
2377	274
2378	101
2379	5
2380	10
2381	178
2382	282
2383	99
2384	15
2385	3
2386	220
2387	290
2388	107
2389	59
2390	98
2391	98
2392	259
2393	229
2394	199
2395	238
2396	172
2397	94
2398	212
2399	270
2400	54
2401	182
2402	26
2403	86
2404	260
2405	218
2406	158
2407	187
2408	84
2409	215
2410	230
2411	205
2412	72
2413	58
2414	207
2415	158
2416	52
2417	5
2418	278
2419	58
2420	218
2421	82
2422	180
2423	10
2424	270
2425	217
2426	115
2427	281
2428	91
2429	165
2430	86
2431	81
2432	250
2433	14
2434	274
2435	246
2436	123
2437	71
2438	158
2439	187
2440	32
2441	25
2442	37
2443	153
2444	4
2445	66
2446	128
2447	188
2448	24
2449	211
2450	113
2451	147
2452	234
2453	169
2454	128
2455	146
2456	58
2457	176
2458	163
2459	163
2460	197
2461	35
2462	31
2463	106
2464	71
2465	81
2466	151
2467	212
2468	264
2469	127
2470	266
2471	171
2472	187
2473	20
2474	204
2475	57
2476	185
2477	24
2478	67
2479	124
2480	182
2481	59
2482	54
2483	13
2484	132
2485	115
2486	192
2487	178
2488	116
2489	182
2490	230
2491	20
2492	127
2493	46
2494	67
2495	254
2496	165
2497	101
2498	215
2499	200
2500	185
2501	81
2502	3
2503	23
2504	75
2505	73
2506	29
2507	83
2508	232
2509	14
2510	101
2511	169
2512	48
2513	233
2514	19
2515	119
2516	43
2517	215
2518	151
2519	184
2520	40
2521	59
2522	83
2523	115
2524	233
2525	116
2526	29
2527	49
2528	113
2529	142
2530	158
2531	205
2532	32
2533	140
2534	137
2535	234
2536	202
2537	46
2538	230
2539	132
2540	150
2541	48
2542	183
2543	138
2544	54
2545	34
2546	207
2547	140
2548	27
2549	7
2550	157
2551	81
2552	191
2553	3
2554	50
2555	147
2556	103
2557	282
2558	206
2559	33
2560	157
2561	34
2562	250
2563	10
2564	266
2565	290
2566	238
2567	217
2568	210
2569	267
2570	203
2571	116
2572	275
2573	150
2574	125
2575	162
2576	215
2577	69
2578	208
2579	251
2580	268
2581	271
2582	229
2583	106
2584	221
2585	247
2586	111
2587	26
2588	33
2589	71
2590	240
2591	136
2592	17
2593	55
2594	229
2595	7
2596	214
2597	146
2598	234
2599	151
2600	109
2601	220
2602	89
2603	270
2604	78
2605	34
2606	47
2607	85
2608	230
2609	251
2610	129
2611	217
2612	228
2613	10
2614	199
2615	261
2616	230
2617	162
2618	106
2619	285
2620	124
2621	58
2622	48
2623	48
2624	221
2625	45
2626	34
2627	86
2628	283
2629	103
2630	31
2631	30
2632	146
2633	156
2634	58
2635	29
2636	89
2637	281
2638	117
2639	160
2640	219
2641	278
2642	278
2643	29
2644	46
2645	90
2646	118
2647	157
2648	26
2649	174
2650	49
2651	231
2652	119
2653	57
2654	26
2655	57
2656	191
2657	26
2658	54
2659	79
2660	46
2661	48
2662	77
2663	202
2664	34
2665	34
2666	257
2667	30
2668	112
2669	29
2670	181
2671	207
2672	215
2673	133
2674	208
2675	66
2676	156
2677	189
2678	213
2679	257
2680	91
2681	43
2682	158
2683	69
2684	221
2685	208
2686	10
2687	58
2688	190
2689	133
2690	195
2691	250
2692	247
2693	115
2694	43
2695	118
2696	14
2697	260
2698	182
2699	130
2700	59
2701	271
2702	258
2703	141
2704	202
2705	262
2706	37
2707	112
2708	282
2709	216
2710	123
2711	261
2712	52
2713	22
2714	4
2715	41
2716	26
2717	58
2718	191
2719	191
2720	65
2721	161
2722	21
2723	195
2724	187
2725	140
2726	191
2727	243
2728	191
2729	191
2730	52
2731	65
2732	180
2733	236
2734	266
2735	127
2736	179
2737	160
2738	74
2739	219
2740	287
2741	45
2742	34
2743	60
2744	162
2745	187
2746	231
2747	212
2748	61
2749	74
2750	158
2751	275
2752	233
2753	19
2754	230
2755	43
2756	58
2757	65
2758	78
2759	240
2760	48
2761	112
2762	59
2763	46
2764	289
2765	29
2766	88
2767	45
2768	89
2769	23
2770	159
2771	169
2772	243
2773	52
2774	215
2775	140
2776	201
2777	57
2778	191
2779	58
2780	58
2781	114
2782	116
2783	128
2784	279
2785	134
2786	286
2787	40
2788	134
2789	130
2790	142
2791	26
2792	170
2793	162
2794	160
2795	290
2796	71
2797	10
2798	216
2799	166
2800	158
2801	75
2802	112
2803	33
2804	228
2805	159
2806	67
2807	243
2808	209
2809	182
2810	197
2811	184
2812	143
2813	32
2814	159
2815	52
2816	24
2817	176
2818	58
2819	191
2820	67
2821	103
2822	201
2823	207
2824	215
2825	188
2826	236
2827	13
2828	146
2829	133
2830	115
2831	240
2832	257
2833	117
2834	271
2835	82
2836	274
2837	147
2838	170
2839	128
2840	45
2841	161
2842	187
2843	5
2844	271
2845	266
2846	44
2847	106
2848	52
2849	97
2850	143
2851	10
2852	201
2853	225
2854	67
2855	172
2856	96
2857	45
2858	0
2859	197
2860	250
2861	52
2862	104
2863	86
2864	58
2865	209
2866	157
2867	59
2868	226
2869	125
2870	7
2871	217
2872	95
2873	112
2874	52
2875	139
2876	146
2877	135
2878	197
2879	29
2880	48
2881	185
2882	206
2883	202
2884	215
2885	134
2886	89
2887	205
2888	206
2889	129
2890	233
2891	206
2892	57
2893	3
2894	215
2895	176
2896	102
2897	134
2898	238
2899	112
2900	290
2901	182
2902	157
2903	140
2904	215
2905	163
2906	103
2907	205
2908	166
2909	37
2910	30
2911	147
2912	241
2913	49
2914	89
2915	173
2916	32
2917	3
2918	192
2919	203
2920	157
2921	215
2922	171
2923	58
2924	88
2925	162
2926	278
2927	167
2928	260
2929	59
2930	263
2931	157
2932	146
2933	127
2934	54
2935	206
2936	85
2937	124
2938	203
2939	75
2940	74
2941	228
2942	20
2943	212
2944	82
2945	10
2946	46
2947	287
2948	221
2949	270
2950	186
2951	206
2952	43
2953	271
2954	196
2955	165
2956	247
2957	175
2958	69
2959	209
2960	179
2961	146
2962	178
2963	43
2964	166
2965	48
2966	241
2967	42
2968	82
2969	207
2970	21
2971	170
2972	281
2973	157
2974	244
2975	57
2976	28
2977	17
2978	34
2979	238
2980	146
2981	104
2982	157
2983	52
2984	140
2985	87
2986	29
2987	66
2988	220
2989	102
2990	243
2991	265
2992	52
2993	88
2994	109
2995	130
2996	71
2997	146
2998	105
2999	7
3000	121
3001	176
3002	132
3003	275
3004	20
3005	20
3006	20
3007	59
3008	203
3009	289
3010	178
3011	59
3012	77
3013	67
3014	244
3015	155
3016	235
3017	220
3018	284
3019	32
3020	5
3021	261
3022	7
3023	48
3024	239
3025	281
3026	233
3027	276
3028	31
3029	125
3030	186
3031	101
3032	223
3033	43
3034	214
3035	185
3036	221
3037	58
3038	67
3039	83
3040	83
3041	52
3042	175
3043	82
3044	3
3045	31
3046	281
3047	117
3048	118
3049	165
3050	223
3051	221
3052	205
3053	147
3054	113
3055	231
3056	177
3057	46
3058	287
3059	165
3060	80
3061	0
3062	147
3063	120
3064	121
3065	257
3066	103
3067	254
3068	134
3069	259
3070	130
3071	31
3072	34
3073	244
3074	55
3075	190
3076	270
3077	130
3078	86
3079	29
3080	270
3081	171
3082	147
3083	160
3084	147
3085	186
3086	47
3087	244
3088	202
3089	55
3090	29
3091	193
3092	217
3093	30
3094	46
3095	36
3096	78
3097	79
3098	52
3099	83
3100	130
3101	74
3102	228
3103	217
3104	21
3105	196
3106	229
3107	52
3108	105
3109	179
3110	21
3111	261
3112	30
3113	275
3114	288
3115	146
3116	82
3117	274
3118	139
3119	209
3120	103
3121	178
3122	263
3123	285
3124	82
3125	257
3126	27
3127	46
3128	46
3129	100
3130	67
3131	2
3132	207
3133	211
3134	195
3135	273
3136	225
3137	0
3138	34
3139	81
3140	261
3141	233
3142	137
3143	208
3144	132
3145	260
3146	275
3147	165
3148	271
3149	130
3150	262
3151	216
3152	69
3153	205
3154	166
3155	119
3156	5
3157	283
3158	19
3159	283
3160	59
3161	106
3162	84
3163	23
3164	188
3165	196
3166	67
3167	241
3168	180
3169	205
3170	61
3171	151
3172	161
3173	100
3174	121
3175	0
3176	272
3177	282
3178	256
3179	261
3180	283
3181	201
3182	17
3183	204
3184	19
3185	59
3186	52
3187	273
3188	52
3189	264
3190	99
3191	238
3192	14
3193	221
3194	60
3195	208
3196	171
3197	106
3198	5
3199	214
3200	279
3201	75
3202	230
3203	217
3204	22
3205	218
3206	3
3207	256
3208	136
3209	115
3210	226
3211	235
3212	36
3213	168
3214	29
3215	142
3216	130
3217	113
3218	203
3219	11
3220	160
3221	196
3222	217
3223	262
3224	48
3225	48
3226	140
3227	237
3228	194
3229	33
3230	182
3231	207
3232	74
3233	145
3234	5
3235	271
3236	117
3237	225
3238	80
3239	52
3240	229
3241	160
3242	160
3243	160
3244	67
3245	34
3246	206
3247	206
3248	42
3249	88
3250	31
3251	176
3252	18
3253	254
3254	264
3255	209
3256	256
3257	208
3258	16
3259	7
3260	263
3261	71
3262	36
3263	36
3264	137
3265	34
3266	220
3267	178
3268	228
3269	106
3270	132
3271	223
3272	205
3273	130
3274	14
3275	64
3276	119
3277	69
3278	123
3279	15
3280	248
3281	45
3282	61
3283	267
3284	212
3285	12
3286	86
3287	21
3288	109
3289	157
3290	18
3291	105
3292	142
3293	25
3294	35
3295	261
3296	79
3297	284
3298	153
3299	287
3300	165
3301	162
3302	158
3303	104
3304	5
3305	162
3306	19
3307	115
3308	175
3309	160
3310	14
3311	218
3312	77
3313	240
3314	160
3315	33
3316	187
3317	187
3318	196
3319	92
3320	178
3321	39
3322	204
3323	98
3324	190
3325	279
3326	71
3327	34
3328	79
3329	187
3330	217
3331	288
3332	19
3333	171
3334	190
3335	103
3336	39
3337	270
3338	261
3339	281
3340	48
3341	18
3342	84
3343	84
3344	234
3345	277
3346	216
3347	288
3348	259
3349	19
3350	243
3351	5
3352	120
3353	195
3354	180
3355	130
3356	187
3357	206
3358	130
3359	215
3360	260
3361	31
3362	22
3363	161
3364	159
3365	103
3366	189
3367	47
3368	277
3369	4
3370	257
3371	233
3372	185
3373	157
3374	30
3375	74
3376	198
3377	168
3378	14
3379	146
3380	276
3381	187
3382	57
3383	57
3384	67
3385	178
3386	157
3387	21
3388	259
3389	56
3390	102
3391	278
3392	215
3393	134
3394	66
3395	146
3396	124
3397	248
3398	171
3399	158
3400	52
3401	46
3402	46
3403	277
3404	88
3405	173
3406	99
3407	106
3408	146
3409	1
3410	74
3411	233
3412	158
3413	31
3414	85
3415	146
3416	228
3417	183
3418	1
3419	26
3420	265
3421	230
3422	279
3423	25
3424	146
3425	142
3426	132
3427	46
3428	270
3429	5
3430	58
3431	267
3432	228
3433	219
3434	112
3435	10
3436	200
3437	204
3438	115
3439	162
3440	215
3441	288
3442	181
3443	136
3444	31
3445	109
3446	138
3447	25
3448	287
3449	59
3450	99
3451	41
3452	268
3453	196
3454	27
3455	212
3456	166
3457	265
3458	164
3459	10
3460	195
3461	118
3462	113
3463	215
3464	140
3465	59
3466	42
3467	13
3468	95
3469	27
3470	67
3471	48
3472	250
3473	244
3474	52
3475	245
3476	81
3477	0
3478	241
3479	41
3480	222
3481	128
3482	185
3483	112
3484	238
3485	14
3486	270
3487	226
3488	37
3489	288
3490	58
3491	122
3492	23
3493	52
3494	249
3495	234
3496	35
3497	41
3498	182
3499	254
3500	71
3501	82
3502	54
3503	180
3504	278
3505	246
3506	5
3507	240
3508	198
3509	151
3510	159
3511	284
3512	246
3513	212
3514	49
3515	282
3516	170
3517	29
3518	249
3519	178
3520	115
3521	71
3522	15
3523	57
3524	178
3525	200
3526	257
3527	27
3528	5
3529	178
3530	270
3531	25
3532	198
3533	163
3534	269
3535	71
3536	7
3537	1
3538	82
3539	5
3540	176
3541	135
3542	83
3543	15
3544	239
3545	244
3546	5
3547	217
3548	177
3549	19
3550	75
3551	74
3552	59
3553	238
3554	217
3555	60
3556	145
3557	21
3558	133
3559	103
3560	188
3561	245
3562	218
3563	257
3564	45
3565	68
3566	244
3567	238
3568	184
3569	19
3570	283
3571	65
3572	238
3573	19
3574	283
3575	111
3576	17
3577	215
3578	279
3579	36
3580	39
3581	186
3582	233
3583	80
3584	149
3585	96
3586	5
3587	238
3588	67
3589	238
3590	124
3591	153
3592	261
3593	89
3594	5
3595	254
3596	52
3597	198
3598	240
3599	130
3600	39
3601	246
3602	27
3603	82
3604	72
3605	168
3606	61
3607	96
3608	142
3609	142
3610	101
3611	22
3612	125
3613	283
3614	234
3615	64
3616	284
3617	117
3618	25
3619	244
3620	101
3621	64
3622	45
3623	234
3624	178
3625	185
3626	240
3627	25
3628	280
3629	247
3630	204
3631	106
3632	278
3633	22
3634	87
3635	289
3636	286
3637	81
3638	157
3639	87
3640	61
3641	260
3642	197
3643	159
3644	0
3645	211
3646	78
3647	101
3648	15
3649	59
3650	197
3651	272
3652	134
3653	202
3654	241
3655	268
3656	137
3657	132
3658	15
3659	172
3660	39
3661	10
3662	122
3663	108
3664	208
3665	128
3666	43
3667	17
3668	12
3669	52
3670	72
3671	277
3672	17
3673	267
3674	36
3675	79
3676	13
3677	130
3678	96
3679	44
3680	221
3681	130
3682	197
3683	8
3684	82
3685	220
3686	257
3687	244
3688	274
3689	180
3690	277
3691	43
3692	241
3693	32
3694	245
3695	161
3696	130
3697	145
3698	272
3699	52
3700	85
3701	190
3702	260
3703	262
3704	260
3705	23
3706	18
3707	286
3708	246
3709	157
3710	257
3711	25
3712	74
3713	261
3714	255
3715	1
3716	234
3717	64
3718	60
3719	79
3720	129
3721	29
3722	10
3723	244
3724	190
3725	202
3726	27
3727	215
3728	25
3729	204
3730	32
3731	15
3732	10
3733	13
3734	217
3735	1
3736	273
3737	287
3738	157
3739	84
3740	243
3741	79
3742	52
3743	10
3744	156
3745	146
3746	45
3747	70
3748	14
3749	127
3750	64
3751	42
3752	245
3753	41
3754	27
3755	147
3756	52
3757	126
3758	200
3759	64
3760	246
3761	132
3762	29
3763	64
3764	45
3765	121
3766	59
3767	230
3768	212
3769	138
3770	270
3771	162
3772	248
3773	249
3774	140
3775	181
3776	184
3777	128
3778	67
3779	74
3780	31
3781	244
3782	58
3783	147
3784	133
3785	151
3786	52
3787	37
3788	150
3789	59
3790	18
3791	14
3792	130
3793	185
3794	220
3795	96
3796	271
3797	273
3798	33
3799	232
3800	25
3801	77
3802	59
3803	159
3804	259
3805	270
3806	229
3807	1
3808	38
3809	64
3810	118
3811	10
3812	187
3813	69
3814	113
3815	137
3816	74
3817	206
3818	5
3819	273
3820	79
3821	168
3822	199
3823	105
3824	121
3825	91
3826	217
3827	66
3828	280
3829	172
3830	215
3831	238
3832	3
3833	250
3834	186
3835	119
3836	217
3837	74
3838	209
3839	284
3840	85
3841	158
3842	141
3843	212
3844	166
3845	130
3846	287
3847	130
3848	280
3849	270
3850	270
3851	115
3852	212
3853	243
3854	23
3855	66
3856	177
3857	198
3858	33
3859	130
3860	272
3861	64
3862	67
3863	248
3864	121
3865	113
3866	112
3867	125
3868	70
3869	217
3870	84
3871	14
3872	14
3873	172
3874	58
3875	142
3876	172
3877	268
3878	25
3879	209
3880	22
3881	211
3882	33
3883	55
3884	135
3885	178
3886	232
3887	189
3888	115
3889	104
3890	78
3891	225
3892	71
3893	95
3894	35
3895	133
3896	284
3897	5
3898	266
3899	200
3900	96
3901	37
3902	279
3903	241
3904	249
3905	254
3906	282
3907	198
3908	58
3909	281
3910	281
3911	142
3912	4
3913	170
3914	36
3915	59
3916	52
3917	63
3918	116
3919	272
3920	79
3921	105
3922	64
3923	275
3924	1
3925	27
3926	157
3927	259
3928	166
3929	210
3930	4
3931	48
3932	101
3933	112
3934	39
3935	275
3936	58
3937	205
3938	237
3939	157
3940	72
3941	158
3942	26
3943	141
3944	151
3945	59
3946	118
3947	4
3948	14
3949	59
3950	127
3951	270
3952	111
3953	71
3954	113
3955	119
3956	130
3957	72
3958	286
3959	57
3960	186
3961	74
3962	19
3963	47
3964	176
3965	176
3966	79
3967	103
3968	180
3969	15
3970	143
3971	64
3972	26
3973	283
3974	201
3975	100
3976	67
3977	172
3978	112
3979	43
3980	236
3981	257
3982	39
3983	157
3984	7
3985	82
3986	137
3987	8
3988	74
3989	29
3990	67
3991	161
3992	260
3993	14
3994	52
3995	287
3996	223
3997	259
3998	185
3999	64
4000	127
4001	64
4002	58
4003	140
4004	192
4005	182
4006	161
4007	52
4008	63
4009	288
4010	106
4011	182
4012	146
4013	45
4014	138
4015	36
4016	159
4017	63
4018	74
4019	278
4020	75
4021	146
4022	162
4023	215
4024	23
4025	171
4026	123
4027	185
4028	5
4029	208
4030	207
4031	30
4032	165
4033	191
4034	47
4035	258
4036	198
4037	2
4038	64
4039	74
4040	202
4041	121
4042	190
4043	108
4044	58
4045	238
4046	238
4047	86
4048	51
4049	59
4050	100
4051	41
4052	71
4053	18
4054	72
4055	13
4056	249
4057	275
4058	14
4059	45
4060	158
4061	216
4062	259
4063	34
4064	280
4065	211
4066	20
4067	64
4068	39
4069	18
4070	209
4071	233
4072	277
4073	119
4074	71
4075	105
4076	198
4077	7
4078	97
4079	33
4080	159
4081	52
4082	244
4083	62
4084	251
4085	19
4086	136
4087	157
4088	179
4089	130
4090	106
4091	150
4092	244
4093	145
4094	145
4095	145
4096	97
4097	212
4098	1
4099	62
4100	257
4101	31
4102	125
4103	2
4104	187
4105	97
4106	182
4107	67
4108	170
4109	30
4110	137
4111	259
4112	60
4113	197
4114	97
4115	233
4116	177
4117	146
4118	158
4119	275
4120	124
4121	140
4122	230
4123	157
4124	205
4125	13
4126	42
4127	56
4128	63
4129	270
4130	281
4131	63
4132	59
4133	37
4134	0
4135	49
4136	109
4137	23
4138	14
4139	249
4140	67
4141	289
4142	214
4143	71
4144	157
4145	195
4146	212
4147	51
4148	25
4149	203
4150	7
4151	58
4152	17
4153	124
4154	189
4155	270
4156	30
4157	116
4158	277
4159	26
4160	186
4161	88
4162	257
4163	133
4164	195
4165	88
4166	99
4167	21
4168	14
4169	160
4170	34
4171	258
4172	283
4173	176
4174	128
4175	280
4176	21
4177	185
4178	25
4179	188
4180	117
4181	97
4182	220
4183	146
4184	51
4185	289
4186	20
4187	79
4188	280
4189	58
4190	244
4191	134
4192	217
4193	64
4194	55
4195	217
4196	136
4197	45
4198	209
4199	202
4200	267
4201	39
4202	159
4203	163
4204	207
4205	178
4206	163
4207	37
4208	82
4209	197
4210	25
4211	212
4212	33
4213	52
4214	185
4215	246
4216	246
4217	52
4218	212
4219	206
4220	64
4221	202
4222	146
4223	159
4224	186
4225	20
4226	4
4227	263
4228	214
4229	17
4230	221
4231	229
4232	121
4233	101
4234	183
4235	5
4236	187
4237	281
4238	281
4239	32
4240	279
4241	74
4242	188
4243	147
4244	25
4245	87
4246	24
4247	20
4248	25
4249	110
4250	62
4251	52
4252	18
4253	39
4254	282
4255	54
4256	259
4257	261
4258	154
4259	157
4260	125
4261	243
4262	256
4263	248
4264	63
4265	180
4266	288
4267	148
4268	88
4269	97
4270	193
4271	250
4272	279
4273	185
4274	27
4275	266
4276	48
4277	29
4278	189
4279	16
4280	244
4281	143
4282	101
4283	46
4284	235
4285	134
4286	69
4287	132
4288	263
4289	146
4290	14
4291	64
4292	37
4293	262
4294	82
4295	63
4296	185
4297	145
4298	238
4299	84
4300	3
4301	271
4302	140
4303	209
4304	5
4305	187
4306	145
4307	217
4308	240
4309	5
4310	178
4311	174
4312	229
4313	21
4314	181
4315	259
4316	287
4317	14
4318	14
4319	145
4320	18
4321	249
4322	233
4323	212
4324	209
4325	18
4326	189
4327	130
4328	73
4329	67
4330	70
4331	176
4332	83
4333	115
4334	83
4335	115
4336	155
4337	39
4338	83
4339	18
4340	160
4341	46
4342	160
4343	203
4344	162
4345	275
4346	139
4347	273
4348	115
4349	240
4350	240
4351	160
4352	115
4353	121
4354	122
4355	280
4356	186
4357	257
4358	113
4359	275
4360	58
4361	200
4362	207
4363	125
4364	200
4365	190
4366	29
4367	39
4368	14
4369	160
4370	19
4371	240
4372	18
4373	244
4374	196
4375	190
4376	186
4377	126
4378	272
4379	30
4380	208
4381	57
4382	264
4383	207
4384	185
4385	191
4386	130
4387	34
4388	249
4389	220
4390	129
4391	48
4392	198
4393	271
4394	180
4395	203
4396	229
4397	233
4398	67
4399	97
4400	206
4401	215
4402	157
4403	50
4404	244
4405	278
4406	51
4407	239
4408	72
4409	1
4410	256
4411	214
4412	229
4413	213
4414	51
4415	259
4416	57
4417	74
4418	70
4419	215
4420	121
4421	107
4422	134
4423	46
4424	37
4425	288
4426	57
4427	49
4428	235
4429	235
4430	86
4431	284
4432	206
4433	53
4434	51
4435	93
4436	61
4437	200
4438	225
4439	52
4440	11
4441	93
4442	25
4443	39
4444	58
4445	44
4446	170
4447	146
4448	233
4449	50
4450	20
4451	80
4452	29
4453	74
4454	7
4455	184
4456	133
4457	83
4458	280
4459	163
4460	244
4461	233
4462	20
4463	234
4464	280
4465	62
4466	25
4467	88
4468	110
4469	52
4470	67
4471	48
4472	197
4473	173
4474	103
4475	157
4476	34
4477	70
4478	191
4479	215
4480	95
4481	46
4482	10
4483	91
4484	14
4485	84
4486	1
4487	284
4488	268
4489	14
4490	17
4491	31
4492	77
4493	80
4494	203
4495	211
4496	163
4497	261
4498	37
4499	125
4500	146
4501	42
4502	279
4503	278
4504	4
4505	205
4506	257
4507	179
4508	27
4509	58
4510	20
4511	25
4512	280
4513	62
4514	51
4515	22
4516	157
4517	228
4518	92
4519	39
4520	34
4521	177
4522	186
4523	230
4524	24
4525	86
4526	5
4527	251
4528	247
4529	97
4530	146
4531	51
4532	93
4533	76
4534	74
4535	25
4536	244
4537	46
4538	182
4539	168
4540	233
4541	170
4542	112
4543	10
4544	20
4545	97
4546	207
4547	147
4548	270
4549	287
4550	59
4551	269
4552	247
4553	209
4554	200
4555	215
4556	129
4557	117
4558	196
4559	15
4560	122
4561	136
4562	15
4563	101
4564	59
4565	130
4566	81
4567	207
4568	280
4569	81
4570	21
4571	244
4572	58
4573	118
4574	198
4575	81
4576	199
4577	280
4578	177
4579	81
4580	190
4581	215
4582	190
4583	170
4584	70
4585	91
4586	83
4587	51
4588	36
4589	53
4590	27
4591	36
4592	34
4593	70
4594	239
4595	65
4596	60
4597	1
4598	239
4599	115
4600	160
4601	115
4602	179
4603	39
4604	206
4605	206
4606	246
4607	275
4608	64
4609	59
4610	46
4611	157
4612	67
4613	25
4614	218
4615	146
4616	136
4617	212
4618	244
4619	228
4620	89
4621	261
4622	124
4623	10
4624	70
4625	125
4626	123
4627	145
4628	196
4629	238
4630	58
4631	238
4632	62
4633	233
4634	40
4635	1
4636	232
4637	139
4638	104
4639	125
4640	215
4641	136
4642	271
4643	194
4644	216
4645	128
4646	206
4647	93
4648	280
4649	250
4650	160
4651	217
4652	197
4653	209
4654	46
4655	151
4656	31
4657	32
4658	1
4659	284
4660	198
4661	67
4662	9
4663	67
4664	173
4665	5
4666	246
4667	1
4668	70
4669	46
4670	38
4671	158
4672	276
4673	176
4674	220
4675	3
4676	88
4677	27
4678	94
4679	70
4680	281
4681	199
4682	71
4683	169
4684	146
4685	178
4686	59
4687	43
4688	1
4689	212
4690	260
4691	104
4692	146
4693	70
4694	65
4695	252
4696	52
4697	59
4698	134
4699	175
4700	62
4701	114
4702	191
4703	59
4704	45
4705	191
4706	15
4707	250
4708	67
4709	63
4710	46
4711	191
4712	257
4713	143
4714	63
4715	41
4716	49
4717	174
4718	248
4719	191
4720	52
4721	168
4722	30
4723	145
4724	52
4725	170
4726	63
4727	258
4728	163
4729	215
4730	67
4731	222
4732	120
4733	245
4734	264
4735	205
4736	110
4737	286
4738	18
4739	78
4740	278
4741	22
4742	246
4743	187
4744	58
4745	145
4746	186
4747	101
4748	250
4749	25
4750	104
4751	191
4752	70
4753	27
4754	70
4755	70
4756	58
4757	223
4758	233
4759	15
4760	129
4761	34
4762	158
4763	25
4764	28
4765	70
4766	97
4767	29
4768	123
4769	279
4770	175
4771	116
4772	185
4773	99
4774	182
4775	117
4776	96
4777	212
4778	15
4779	51
4780	154
4781	260
4782	281
4783	236
4784	14
4785	278
4786	173
4787	55
4788	52
4789	14
4790	64
4791	197
4792	187
4793	187
4794	79
4795	235
4796	70
4797	176
4798	70
4799	54
4800	103
4801	150
4802	131
4803	233
4804	96
4805	0
4806	177
4807	266
4808	37
4809	37
4810	144
4811	115
4812	157
4813	45
4814	22
4815	157
4816	144
4817	282
4818	125
4819	64
4820	80
4821	180
4822	117
4823	201
4824	144
4825	140
4826	50
4827	287
4828	101
4829	237
4830	71
4831	58
4832	22
4833	74
4834	0
4835	260
4836	0
4837	235
4838	286
4839	61
4840	56
4841	137
4842	65
4843	209
4844	140
4845	7
4846	144
4847	52
4848	105
4849	106
4850	257
4851	153
4852	279
4853	140
4854	16
4855	201
4856	124
4857	71
4858	35
4859	61
4860	185
4861	146
4862	253
4863	192
4864	104
4865	267
4866	198
4867	30
4868	59
4869	36
4870	114
4871	186
4872	82
4873	22
4874	131
4875	147
4876	29
4877	9
4878	285
4879	127
4880	182
4881	183
4882	252
4883	70
4884	117
4885	131
4886	62
4887	157
4888	94
4889	121
4890	216
4891	215
4892	64
4893	180
4894	58
4895	188
4896	265
4897	0
4898	185
4899	25
4900	51
4901	202
4902	41
4903	24
4904	124
4905	215
4906	21
4907	249
4908	10
4909	144
4910	147
4911	37
4912	131
4913	112
4914	116
4915	147
4916	27
4917	52
4918	252
4919	74
4920	262
4921	104
4922	144
4923	191
4924	162
4925	191
4926	63
4927	161
4928	231
4929	137
4930	0
4931	131
4932	93
4933	254
4934	109
4935	191
4936	65
4937	144
4938	191
4939	161
4940	161
4941	63
4942	252
4943	70
4944	9
4945	215
4946	15
4947	257
4948	176
4949	144
4950	146
4951	261
4952	244
4953	144
4954	180
4955	131
4956	191
4957	14
4958	191
4959	70
4960	70
4961	36
4962	131
4963	26
4964	268
4965	198
4966	59
4967	97
4968	199
4969	84
4970	249
4971	43
4972	70
4973	145
4974	126
4975	221
4976	171
4977	241
4978	20
4979	276
4980	177
4981	143
4982	144
4983	187
4984	46
4985	57
4986	257
4987	270
4988	152
4989	47
4990	63
4991	61
4992	31
4993	129
4994	36
4995	9
4996	93
4997	81
4998	231
4999	140
5000	98
5001	64
5002	103
5003	233
5004	9
5005	134
5006	167
5007	60
5008	280
5009	133
5010	64
5011	252
5012	25
5013	81
5014	207
5015	252
5016	179
5017	0
5018	213
5019	25
5020	260
5021	123
5022	22
5023	153
5024	197
5025	203
5026	246
5027	240
5028	248
5029	144
5030	184
5031	67
5032	52
5033	70
5034	191
5035	207
5036	257
5037	52
5038	205
5039	29
5040	160
5041	161
5042	224
5043	191
5044	65
5045	174
5046	248
5047	1
5048	63
5049	178
5050	190
5051	152
5052	187
5053	191
5054	64
5055	191
5056	7
5057	59
5058	17
5059	70
5060	70
5061	152
5062	21
5063	178
5064	191
5065	236
5066	25
5067	252
5068	147
5069	34
5070	240
5071	170
5072	77
5073	85
5074	3
5075	198
5076	144
5077	233
5078	43
5079	148
5080	106
5081	7
5082	48
5083	184
5084	117
5085	1
5086	64
5087	222
5088	165
5089	120
5090	9
5091	276
5092	272
5093	196
